codigo_estacao,data,hora,temp_inst,temp_max,temp_min,umid_inst,umid_max,umid_min,pto_orvalho_inst,pto_orvalho_max,pto_orvalho_min,pressao,pressao_max,pressao_min,vento_vel,vento_direcao, vento_rajada,radiacao,precipitacao
A301,01/07/2019,13,27.5,28.3,24.4,79,92,77,23.6,25.1,22.8,1014.8,1014.9,1014.7,1.2,74,3.8,2241.,0.0
A301,01/07/2019,23,22.8,23.2,22.8,91,91,91,21.4,21.7,21.3,1013.4,1013.4,1012.8,0.2,242,0.7,-2.80,0.0
A301,01/07/2019,22,22.8,23.2,22.8,91,91,90,21.2,21.5,21.2,1012.8,1012.8,1012.2,0.2,255,1.0,-3.44,0.0
A301,01/07/2019,21,23.1,23.6,23.1,90,90,87,21.3,21.4,21.3,1012.3,1012.3,1011.8,0.3,196,1.4,3.412,0.0
A301,01/07/2019,20,23.5,27.8,23.5,87,87,67,21.2,21.4,20.1,1011.8,1012.0,1011.7,0.3,196,6.4,163.7,1.0
A301,01/07/2019,19,27.7,28.5,27.1,68,69,64,21.3,21.6,20.3,1011.7,1011.7,1011.5,1.5,125,5.0,967.0,0.0
A301,01/07/2019,18,28.6,28.9,27.7,64,68,63,21.0,22.0,20.6,1011.6,1011.8,1011.6,1.8,110,6.5,1584.,0.0
A301,01/07/2019,17,28.5,29.4,27.9,64,67,61,21.1,22.3,20.4,1011.8,1012.5,1011.8,2.3,123,7.4,2115.,0.0
A301,01/07/2019,16,29.0,29.3,28.0,67,70,62,22.2,22.8,20.6,1012.5,1013.3,1012.5,2.1,128,8.0,2439.,0.0
A301,01/07/2019,15,28.0,28.4,27.6,68,75,66,21.6,23.0,21.1,1013.3,1014.3,1013.3,2.6,117,6.4,1955.,0.0
A301,01/07/2019,14,27.7,28.3,27.1,73,79,71,22.6,23.7,22.0,1014.3,1014.8,1014.3,1.8,115,5.3,1975.,0.0
A301,01/07/2019,12,24.4,24.4,22.8,91,92,91,22.9,22.9,21.4,1015.0,1015.3,1014.9,0.6,205,7.5,754.6,2.0
A301,01/07/2019,11,23.1,24.5,23.1,92,93,91,21.7,23.2,21.7,1014.9,1014.9,1014.1,2.5,119,8.1,482.0,0.6
A301,01/07/2019,10,23.6,23.6,23.0,93,93,92,22.4,22.4,21.7,1014.1,1014.1,1013.3,0.9,130,2.3,196.4,0.0
A301,01/07/2019,09,23.0,23.1,22.9,92,92,92,21.7,21.8,21.6,1013.4,1013.4,1013.2,0.4,180,5.3,10.96,0.2
A301,01/07/2019,08,23.0,23.3,22.8,92,93,92,21.7,21.9,21.4,1013.2,1013.2,1012.9,1.3,77,7.6,-1.17,1.6
A301,01/07/2019,07,23.3,23.3,22.6,92,93,92,21.9,22.0,21.3,1013.0,1013.0,1012.4,2.0,115,5.6,-1.10,1.0
A301,01/07/2019,06,22.6,22.9,22.5,92,92,92,21.3,21.5,21.2,1012.4,1012.7,1012.4,0.5,294,3.5,-3.23,0.0
A301,01/07/2019,05,22.8,22.8,22.6,92,92,92,21.4,21.5,21.2,1012.7,1013.4,1012.7,0.7,64,2.0,-2.17,0.6
A301,01/07/2019,04,22.7,22.9,22.5,92,92,91,21.3,21.4,20.9,1013.4,1014.0,1013.3,0.6,8,2.4,-1.98,1.6
A301,01/07/2019,03,22.5,23.0,22.4,91,91,89,20.9,21.0,20.7,1014.0,1014.5,1014.0,0.2,251,2.3,-3.51,0.0
A301,01/07/2019,02,23.0,23.6,23.0,89,89,88,21.1,21.6,21.1,1014.5,1014.9,1014.4,0.8,73,6.4,-3.41,0.4
A301,01/07/2019,01,23.6,24.1,23.4,88,88,85,21.5,21.6,21.2,1014.7,1014.8,1014.5,0.8,112,9.6,-3.54,0.4
A301,01/07/2019,00,24.1,25.9,24.1,85,85,78,21.5,21.9,21.2,1014.5,1014.5,1014.1,2.3,115,6.6,-3.14,0.6
A301,02/07/2019,03,21.9,22.5,21.9,93,93,92,20.6,21.3,20.6,1013.1,1013.7,1013.1,0.6,270,3.2,-2.77,1.0
A301,02/07/2019,00,22.6,22.9,22.6,92,92,91,21.2,21.4,21.2,1013.6,1013.6,1013.3,0.3,250,0.7,-3.44,0.0
A301,02/07/2019,02,22.0,22.2,21.9,93,93,92,20.7,20.9,20.7,1013.4,1013.6,1013.4,0.5,269,1.4,-3.38,0.0
A301,02/07/2019,23,24.9,25.5,24.9,84,84,83,22.1,22.5,22.1,1012.2,1012.2,1011.4,1.1,110,4.8,-3.54,0.0
A301,02/07/2019,22,25.5,25.5,24.7,83,83,82,22.4,22.5,21.7,1011.4,1011.4,1010.8,2.0,98,4.8,-2.92,0.0
A301,02/07/2019,21,24.7,25.6,24.3,83,83,78,21.7,21.7,21.0,1010.8,1010.8,1010.2,0.9,128,3.4,5.463,0.0
A301,02/07/2019,20,25.6,26.7,25.5,78,79,74,21.5,21.9,21.3,1010.2,1010.3,1010.0,0.8,132,4.5,243.7,0.0
A301,02/07/2019,19,26.4,28.8,26.3,74,74,64,21.3,21.8,20.8,1010.0,1010.0,1009.8,1.5,113,4.5,895.2,0.0
A301,02/07/2019,18,28.5,28.5,27.2,66,72,66,21.6,22.3,21.1,1009.9,1010.2,1009.9,1.7,103,4.3,1150.,0.0
A301,02/07/2019,17,27.9,29.6,27.1,67,73,61,21.2,22.7,20.6,1010.2,1010.9,1010.2,1.6,129,4.4,2049.,0.0
A301,02/07/2019,16,27.0,28.9,26.8,72,73,62,21.6,21.7,20.0,1010.9,1011.6,1010.9,1.7,118,5.1,1115.,0.0
A301,02/07/2019,15,28.9,29.4,27.9,63,67,61,21.1,22.0,20.0,1011.6,1012.5,1011.6,2.2,132,5.1,2566.,0.0
A301,02/07/2019,01,22.2,22.6,22.2,92,92,92,20.9,21.2,20.9,1013.6,1013.6,1013.5,0.3,279,0.8,-3.47,0.0
A301,02/07/2019,14,28.7,29.9,27.9,64,68,59,21.2,22.6,20.3,1012.5,1013.0,1012.5,1.6,102,5.6,2575.,0.0
A301,02/07/2019,13,29.8,29.8,27.4,67,78,67,23.0,23.8,21.4,1012.9,1013.3,1012.9,1.3,107,2.9,2065.,0.2
A301,02/07/2019,12,27.7,27.9,25.0,78,90,78,23.5,24.7,23.1,1013.2,1013.2,1013.1,0.7,224,2.2,2007.,0.0
A301,02/07/2019,11,25.1,25.3,22.2,89,94,89,23.1,23.6,21.1,1013.1,1013.1,1012.7,0.8,283,2.3,1248.,0.0
A301,02/07/2019,10,22.2,22.3,21.1,94,94,94,21.2,21.2,20.1,1012.7,1012.7,1012.4,0.8,311,1.9,352.5,0.0
A301,02/07/2019,09,21.1,21.1,20.7,94,94,94,20.1,20.1,19.7,1012.4,1012.4,1012.2,0.7,304,1.8,14.16,0.0
A301,02/07/2019,08,20.7,21.0,20.6,94,94,93,19.7,20.0,19.6,1012.2,1012.2,1012.0,0.4,307,1.4,-3.53,0.0
A301,02/07/2019,07,21.0,21.3,20.9,94,94,93,20.0,20.1,19.8,1012.1,1012.1,1011.8,0.5,269,1.4,-3.54,0.0
A301,02/07/2019,06,21.2,21.5,21.1,93,94,93,20.1,20.4,20.0,1011.9,1012.3,1011.9,0.4,330,1.8,-3.21,0.0
A301,02/07/2019,05,21.1,21.5,21.1,93,93,93,20.0,20.3,20.0,1012.3,1012.6,1012.3,0.3,305,1.2,-3.54,0.0
A301,02/07/2019,04,21.5,21.9,21.5,93,93,93,20.4,20.6,20.3,1012.6,1013.1,1012.6,0.6,313,1.2,-3.53,0.0
A301,03/07/2019,19,25.6,25.6,24.3,89,90,88,23.6,23.6,22.2,1011.5,1011.5,1011.2,0.6,290,1.8,452.4,0.0
A301,03/07/2019,23,23.0,23.1,23.0,92,92,91,21.6,21.7,21.6,1013.6,1013.6,1013.3,0.4,311,1.0,-3.54,0.0
A301,03/07/2019,22,23.1,23.7,23.1,91,92,91,21.7,22.1,21.6,1013.3,1013.3,1012.7,0.2,321,1.1,-3.54,0.0
A301,03/07/2019,21,23.7,24.6,23.7,91,91,89,22.1,22.7,22.1,1012.7,1012.7,1012.0,0.4,240,1.3,2.977,0.0
A301,03/07/2019,20,24.6,25.6,24.6,90,90,88,22.7,23.7,22.7,1012.0,1012.0,1011.5,0.4,250,1.8,177.6,0.0
A301,03/07/2019,18,24.4,27.7,24.1,88,88,80,22.3,24.6,21.6,1011.2,1011.5,1011.2,0.4,232,4.6,1045.,1.6
A301,03/07/2019,17,26.4,26.5,24.4,84,89,84,23.5,23.9,22.2,1011.5,1012.2,1011.5,0.9,353,2.7,1180.,0.2
A301,03/07/2019,16,25.1,26.4,24.4,89,89,85,23.1,23.9,22.0,1012.2,1012.8,1012.2,0.8,11,3.7,623.7,1.0
A301,03/07/2019,15,26.0,27.2,24.4,86,91,84,23.5,25.3,22.6,1012.8,1013.6,1012.8,0.9,128,2.9,1853.,0.0
A301,03/07/2019,14,24.4,25.9,24.3,90,90,87,22.7,23.9,22.4,1013.6,1013.8,1013.6,0.7,46,2.3,626.2,6.0
A301,03/07/2019,13,25.6,25.8,24.3,89,92,89,23.7,24.0,22.8,1013.8,1014.1,1013.8,0.7,234,2.9,1420.,0.2
A301,03/07/2019,12,24.4,24.7,24.0,92,92,91,22.9,23.2,22.4,1014.0,1014.0,1013.5,0.9,186,3.0,662.6,1.2
A301,03/07/2019,11,24.7,24.7,23.3,92,92,91,23.3,23.3,22.0,1013.5,1013.5,1012.8,0.3,162,1.7,437.6,0.0
A301,03/07/2019,10,23.3,23.4,22.9,92,92,92,22.0,22.1,21.5,1012.8,1012.8,1012.3,0.6,273,2.2,203.1,0.0
A301,03/07/2019,09,22.9,22.9,22.6,92,92,92,21.5,21.5,21.2,1012.3,1012.3,1011.6,0.7,58,2.3,13.96,0.0
A301,03/07/2019,08,22.6,22.6,22.5,92,92,92,21.3,21.3,21.0,1011.6,1011.6,1011.4,0.6,196,2.6,-1.59,0.4
A301,03/07/2019,07,22.5,22.5,22.1,92,92,91,21.0,21.0,20.6,1011.5,1011.5,1011.0,0.5,165,1.3,-2.28,0.2
A301,03/07/2019,06,22.2,22.7,22.2,91,91,90,20.6,21.0,20.6,1011.1,1011.4,1011.1,0.4,228,1.1,-3.54,0.0
A301,03/07/2019,05,22.7,22.8,22.4,90,90,89,21.0,21.1,20.6,1011.4,1011.7,1011.4,0.5,306,1.0,-2.61,0.0
A301,03/07/2019,04,22.4,23.0,22.4,89,89,86,20.5,20.7,20.4,1011.7,1012.2,1011.7,0.2,183,1.1,-3.52,0.0
A301,03/07/2019,03,23.0,23.8,23.0,86,86,84,20.6,21.1,20.5,1012.2,1012.5,1012.2,0.3,217,4.2,-2.60,0.0
A301,03/07/2019,02,23.8,24.3,23.8,85,85,83,21.1,21.4,21.1,1012.4,1012.5,1012.4,1.4,128,5.8,-1.69,0.0
A301,03/07/2019,01,24.3,24.8,24.3,84,86,84,21.4,22.1,21.4,1012.5,1012.7,1012.5,2.1,107,6.3,-2.03,0.0
A301,03/07/2019,00,24.6,25.1,24.5,85,85,84,22.0,22.2,21.8,1012.5,1012.6,1012.2,0.8,123,3.5,-3.04,0.0
A301,04/07/2019,01,22.4,23.0,22.4,93,93,92,21.1,21.7,21.1,1013.7,1014.0,1013.7,0.3,260,1.4,-3.06,0.0
A301,04/07/2019,00,23.0,23.0,22.8,92,93,92,21.7,21.7,21.4,1014.0,1014.0,1013.6,0.5,292,1.3,-3.01,0.2
A301,04/07/2019,23,23.6,24.2,23.5,91,91,88,21.9,22.1,21.8,1014.0,1014.0,1013.6,0.4,277,6.2,-3.46,0.2
A301,04/07/2019,22,24.2,25.2,24.2,88,88,85,22.1,22.7,22.1,1013.7,1013.8,1013.1,1.3,100,6.2,-3.40,4.2
A301,04/07/2019,21,25.2,26.5,25.2,85,85,80,22.5,22.9,22.2,1013.1,1013.1,1013.0,0.7,160,3.8,4.749,0.0
A301,04/07/2019,20,26.5,28.2,26.5,81,81,74,22.8,23.3,22.6,1013.0,1013.0,1012.6,1.2,145,3.4,287.1,0.0
A301,04/07/2019,19,28.2,28.5,27.7,75,76,71,23.3,23.4,22.2,1012.7,1012.7,1012.3,1.5,118,5.1,940.4,0.0
A301,04/07/2019,18,28.0,29.6,27.9,71,73,66,22.3,23.3,22.0,1012.4,1012.5,1012.2,2.2,130,5.1,1539.,0.0
A301,04/07/2019,17,29.2,30.2,28.6,66,70,63,22.3,23.6,21.6,1012.3,1012.4,1012.2,2.0,137,4.9,2353.,0.0
A301,04/07/2019,16,30.1,30.1,28.6,66,69,64,23.0,23.5,21.7,1012.3,1013.1,1012.3,1.6,134,5.1,2273.,0.0
A301,04/07/2019,15,28.8,30.1,28.7,68,69,63,22.4,23.1,21.6,1013.1,1013.8,1013.1,1.7,131,4.5,2757.,0.0
A301,04/07/2019,14,28.9,29.8,28.0,69,76,65,22.5,23.8,21.9,1013.8,1014.2,1013.8,1.8,122,4.6,2479.,0.0
A301,04/07/2019,12,27.4,27.9,26.4,84,90,83,24.5,25.4,24.1,1014.5,1014.6,1014.4,1.0,150,3.0,1868.,0.0
A301,04/07/2019,13,28.6,28.9,27.0,73,84,73,23.2,24.7,23.2,1014.2,1014.5,1014.1,1.4,160,3.4,1733.,0.0
A301,04/07/2019,11,26.4,26.5,23.1,89,94,89,24.5,24.8,22.1,1014.4,1014.4,1013.8,0.9,239,2.3,1366.,0.0
A301,04/07/2019,10,23.1,23.2,21.3,94,94,94,22.0,22.2,20.2,1013.8,1013.8,1013.1,0.5,350,1.4,425.3,0.0
A301,04/07/2019,09,21.3,21.8,21.2,94,94,94,20.2,20.7,20.2,1013.1,1013.1,1012.6,0.1,340,1.2,14.23,0.0
A301,04/07/2019,08,21.8,22.0,21.4,94,94,94,20.7,20.9,20.3,1012.6,1012.7,1012.2,0.6,278,2.2,-0.75,0.2
A301,04/07/2019,07,21.4,21.4,21.0,94,94,94,20.3,20.3,19.9,1012.2,1012.2,1011.9,0.4,281,1.1,-3.00,0.0
A301,04/07/2019,06,21.3,21.5,21.2,94,94,93,20.2,20.4,20.1,1012.0,1012.3,1012.0,0.3,12,1.4,-2.38,0.0
A301,04/07/2019,05,21.3,21.3,21.0,94,94,93,20.2,20.2,19.9,1012.3,1012.7,1012.2,0.5,274,1.4,-3.44,0.0
A301,04/07/2019,04,21.2,21.5,21.2,93,93,93,20.1,20.4,20.0,1012.7,1013.3,1012.7,0.2,312,0.6,-3.54,0.0
A301,04/07/2019,03,21.5,21.9,21.4,93,93,93,20.3,20.8,20.3,1013.3,1013.6,1013.3,0.1,227,0.7,-3.54,0.0
A301,04/07/2019,02,21.9,22.4,21.9,93,93,93,20.7,21.1,20.7,1013.6,1013.8,1013.6,0.2,317,0.6,-3.54,0.0
A301,05/07/2019,05,22.7,22.9,22.6,93,93,93,21.6,21.7,21.4,1013.9,1014.2,1013.9,0.6,284,1.5,-3.24,0.0
A301,05/07/2019,23,23.1,24.1,23.1,88,88,85,21.0,21.3,20.9,1015.4,1015.5,1015.3,0.4,189,2.0,-3.54,0.0
A301,05/07/2019,22,24.1,25.2,24.1,85,85,81,21.3,22.1,21.2,1015.3,1015.3,1014.8,0.5,133,2.3,-3.54,0.0
A301,05/07/2019,21,24.6,26.2,24.6,81,81,73,21.2,21.8,21.0,1014.8,1014.9,1014.7,0.7,146,2.9,10.83,0.0
A301,05/07/2019,20,26.2,28.7,26.2,73,73,62,21.0,21.2,20.5,1014.8,1014.8,1014.3,0.8,95,3.5,386.6,0.0
A301,05/07/2019,19,28.6,29.8,28.3,64,64,56,21.1,21.4,19.8,1014.3,1014.3,1013.8,1.2,109,5.1,1323.,0.0
A301,05/07/2019,18,29.1,30.3,28.4,56,61,56,19.4,21.5,19.4,1013.8,1014.2,1013.7,1.9,85,5.9,1878.,0.0
A301,05/07/2019,17,30.1,30.8,29.1,57,61,50,20.8,21.7,19.3,1014.2,1014.9,1014.2,1.5,78,5.8,2525.,0.0
A301,05/07/2019,16,30.7,30.8,29.1,50,64,49,19.0,22.2,18.5,1014.9,1015.5,1014.8,1.7,50,5.8,2644.,0.0
A301,05/07/2019,15,29.9,30.6,28.9,63,65,57,22.2,22.3,20.8,1015.5,1016.2,1015.5,1.7,77,5.2,2873.,0.0
A301,05/07/2019,14,30.6,30.6,28.0,61,67,58,22.3,22.7,20.8,1016.2,1016.3,1016.2,1.8,84,5.4,2505.,0.0
A301,05/07/2019,13,30.3,30.4,28.4,61,69,60,21.9,22.4,21.3,1016.2,1016.4,1016.2,1.3,28,5.8,2607.,0.2
A301,05/07/2019,12,29.1,29.2,27.7,68,87,68,22.6,25.5,22.6,1016.4,1016.4,1016.0,1.7,52,5.2,2078.,0.0
A301,05/07/2019,11,27.7,27.8,23.9,87,94,87,25.4,25.7,22.7,1016.1,1016.1,1015.4,1.0,65,3.7,1390.,0.0
A301,05/07/2019,09,22.3,22.6,22.3,94,94,93,21.2,21.5,21.2,1014.6,1014.7,1014.5,0.2,299,1.8,19.59,0.2
A301,05/07/2019,08,22.4,22.5,22.2,94,94,93,21.3,21.4,21.1,1014.5,1014.5,1014.1,0.4,309,1.4,-2.55,0.0
A301,05/07/2019,07,22.5,22.9,22.5,93,93,93,21.3,21.7,21.3,1014.1,1014.1,1013.8,0.6,265,2.0,-3.30,0.0
A301,05/07/2019,06,22.9,22.9,22.7,93,93,93,21.7,21.8,21.5,1013.9,1013.9,1013.8,0.7,265,1.6,-2.33,0.0
A301,05/07/2019,04,22.9,23.0,22.8,93,93,93,21.7,21.7,21.6,1014.1,1014.4,1014.1,0.5,282,1.4,-3.04,0.0
A301,05/07/2019,03,22.9,23.1,22.9,93,93,92,21.7,21.8,21.6,1014.4,1014.7,1014.4,0.4,278,1.3,-3.41,0.0
A301,05/07/2019,02,23.1,23.2,23.0,92,92,92,21.8,21.9,21.7,1014.7,1014.7,1014.6,0.4,278,1.0,-2.88,0.0
A301,05/07/2019,01,23.1,23.1,22.8,92,92,91,21.7,21.7,21.4,1014.6,1014.6,1014.4,0.4,322,0.8,-2.42,0.0
A301,05/07/2019,00,22.9,23.7,22.9,91,91,90,21.4,22.1,21.4,1014.4,1014.6,1014.0,0.3,294,5.6,-1.38,3.0
A301,06/07/2019,05,21.3,21.4,21.2,93,93,93,20.1,20.2,20.0,1014.9,1015.3,1014.9,0.3,261,2.0,-3.53,0.0
A301,06/07/2019,00,22.5,23.1,22.4,90,90,88,20.7,21.0,20.7,1015.7,1015.7,1015.4,0.3,280,2.0,-3.54,0.0
A301,06/07/2019,02,21.7,22.2,21.7,92,92,91,20.3,20.6,20.3,1015.9,1015.9,1015.7,0.3,287,1.0,-3.54,0.0
A301,06/07/2019,04,21.4,21.6,21.3,93,93,92,20.1,20.3,20.0,1015.3,1015.8,1015.3,0.2,271,1.2,-3.54,0.0
A301,06/07/2019,23,22.6,23.6,22.6,88,88,84,20.6,20.8,20.6,1014.3,1014.3,1013.9,0.3,260,1.1,-3.54,0.0
A301,06/07/2019,22,23.6,24.9,23.6,84,84,79,20.8,21.1,20.7,1013.9,1013.9,1013.3,0.3,75,2.7,-3.54,0.0
A301,06/07/2019,21,24.7,26.4,24.6,79,79,71,20.9,20.9,20.4,1013.3,1013.3,1013.0,0.7,80,2.7,4.031,0.0
A301,06/07/2019,01,22.2,22.5,22.2,91,91,90,20.6,20.9,20.6,1015.8,1015.8,1015.7,0.3,275,0.6,-3.54,0.0
A301,06/07/2019,20,26.3,28.6,26.3,70,71,62,20.5,21.1,20.4,1013.0,1013.0,1012.7,0.7,78,4.1,327.5,0.0
A301,06/07/2019,19,28.4,29.8,28.1,64,64,59,21.0,21.8,20.5,1012.7,1013.0,1012.7,1.4,117,4.2,1281.,0.0
A301,06/07/2019,18,29.0,30.5,28.9,62,63,56,21.0,21.9,20.4,1013.0,1013.3,1013.0,1.4,80,4.3,1923.,0.0
A301,06/07/2019,17,30.1,31.2,29.8,58,61,55,21.0,22.0,20.6,1013.3,1013.7,1013.3,1.6,50,4.6,2853.,0.0
A301,06/07/2019,16,30.3,31.5,28.7,59,63,50,21.3,21.8,19.0,1013.7,1014.5,1013.7,1.7,59,4.2,2260.,0.0
A301,06/07/2019,15,30.7,30.9,29.0,57,61,52,21.2,22.0,18.9,1014.5,1015.4,1014.5,1.6,69,4.6,2752.,0.0
A301,06/07/2019,14,30.3,30.5,28.3,55,66,54,20.4,22.1,19.6,1015.4,1015.7,1015.3,1.4,56,4.5,2379.,0.0
A301,06/07/2019,13,28.6,29.7,27.7,62,73,59,20.7,23.3,20.3,1015.7,1015.9,1015.7,1.6,68,4.6,1910.,0.0
A301,06/07/2019,12,28.3,28.5,25.8,73,89,72,23.0,24.6,22.9,1015.8,1015.8,1015.6,1.3,35,4.3,1551.,0.0
A301,06/07/2019,11,25.8,26.0,22.5,88,93,88,23.7,24.2,21.4,1015.6,1015.6,1015.4,0.4,271,2.1,1194.,0.0
A301,06/07/2019,10,22.6,22.6,20.8,93,94,93,21.5,21.5,19.7,1015.4,1015.4,1015.2,0.6,309,1.9,361.5,0.0
A301,06/07/2019,09,20.8,20.8,20.5,93,94,93,19.8,19.8,19.4,1015.2,1015.2,1014.8,0.5,280,1.8,22.11,0.0
A301,06/07/2019,03,21.5,21.7,21.5,92,92,92,20.1,20.3,20.1,1015.8,1015.9,1015.8,0.2,250,1.4,-3.54,0.0
A301,06/07/2019,08,20.5,20.8,20.5,93,93,93,19.4,19.7,19.4,1014.9,1014.9,1014.7,0.5,329,1.8,-3.54,0.0
A301,06/07/2019,07,20.8,21.0,20.8,93,93,93,19.7,19.8,19.6,1014.8,1014.8,1014.7,0.3,333,1.7,-3.54,0.0
A301,06/07/2019,06,21.0,21.3,20.9,93,93,93,19.8,20.1,19.7,1014.7,1014.9,1014.7,0.4,215,1.8,-3.53,0.0
A301,07/07/2019,01,21.6,22.1,21.6,91,91,90,20.1,20.4,20.1,1015.0,1015.0,1014.9,0.2,235,0.9,-3.54,0.0
A301,07/07/2019,23,23.5,24.7,23.5,85,85,81,20.9,21.3,20.7,1015.6,1015.6,1015.0,0.3,217,2.8,-3.54,0.0
A301,07/07/2019,22,24.5,24.9,24.0,82,83,79,21.2,21.4,20.8,1015.0,1015.0,1014.4,1.2,136,3.9,-3.54,0.0
A301,07/07/2019,21,24.7,25.6,24.7,79,79,74,20.9,21.0,20.6,1014.4,1014.4,1014.1,1.1,157,4.5,7.769,0.0
A301,07/07/2019,20,25.5,27.7,25.5,74,74,68,20.6,21.5,20.6,1014.1,1014.1,1013.7,1.2,144,4.9,350.9,0.0
A301,07/07/2019,19,27.6,28.2,26.8,70,72,67,21.5,22.1,21.0,1013.7,1013.7,1013.4,2.0,125,5.4,1099.,0.0
A301,07/07/2019,18,27.0,29.3,27.0,71,72,63,21.4,22.2,20.8,1013.4,1013.4,1013.2,1.8,128,5.6,1196.,0.0
A301,07/07/2019,17,28.9,29.7,28.6,64,64,59,21.3,21.6,20.3,1013.3,1013.8,1013.3,2.4,124,6.0,2565.,0.0
A301,07/07/2019,16,29.5,30.2,29.3,61,62,55,21.1,21.5,19.7,1013.8,1014.5,1013.8,2.3,119,5.5,2873.,0.0
A301,07/07/2019,15,29.8,30.1,29.2,57,63,56,20.2,22.2,19.9,1014.5,1015.2,1014.5,2.0,124,5.1,3019.,0.0
A301,07/07/2019,14,29.5,30.1,27.9,60,68,59,20.8,22.2,20.5,1015.2,1015.5,1015.2,1.8,103,5.2,3065.,0.0
A301,07/07/2019,13,27.9,29.0,27.3,66,79,64,21.0,23.5,20.7,1015.4,1015.5,1015.3,2.2,128,5.1,1912.,0.0
A301,07/07/2019,12,27.3,28.2,25.7,78,89,77,23.1,24.6,23.0,1015.5,1015.5,1015.3,0.9,102,2.1,1726.,0.0
A301,07/07/2019,11,25.7,25.8,22.1,88,94,88,23.5,23.8,21.1,1015.3,1015.3,1015.0,0.6,182,1.6,1277.,0.0
A301,07/07/2019,10,22.1,22.1,20.3,93,94,93,21.0,21.0,19.3,1015.0,1015.0,1014.8,0.8,316,2.0,315.4,0.0
A301,07/07/2019,09,20.3,20.4,20.2,94,94,93,19.3,19.3,19.1,1014.8,1014.8,1014.7,0.2,237,1.5,11.81,0.0
A301,07/07/2019,08,20.4,20.8,20.2,93,94,93,19.3,19.7,19.1,1014.7,1014.7,1014.3,0.4,310,1.3,-3.54,0.0
A301,07/07/2019,07,20.6,20.7,20.5,93,93,93,19.5,19.6,19.3,1014.3,1014.5,1014.3,0.6,305,1.3,-3.54,0.0
A301,07/07/2019,06,20.6,21.1,20.6,93,93,93,19.4,19.9,19.4,1014.5,1014.6,1014.4,0.1,298,1.2,-3.54,0.0
A301,07/07/2019,05,21.1,21.5,21.1,93,93,92,19.9,20.2,19.8,1014.6,1014.8,1014.6,0.4,268,1.4,-3.54,0.0
A301,07/07/2019,04,21.5,21.6,21.4,93,93,92,20.2,20.3,20.1,1014.7,1015.3,1014.7,0.6,242,1.6,-3.49,0.0
A301,07/07/2019,03,21.4,21.5,21.4,92,92,92,20.1,20.1,20.0,1015.3,1015.3,1015.1,0.5,262,1.2,-3.54,0.0
A301,07/07/2019,02,21.5,21.7,21.4,92,92,91,20.1,20.2,20.0,1015.2,1015.2,1015.0,0.3,235,1.0,-3.54,0.0
A301,07/07/2019,00,22.0,22.6,22.0,90,90,88,20.3,20.6,20.3,1015.0,1015.0,1014.3,0.3,283,0.6,-3.54,0.0
A301,08/07/2019,01,23.5,24.1,23.4,87,88,87,21.3,21.9,21.2,1016.6,1016.6,1016.0,0.7,295,2.4,-3.37,0.0
A301,08/07/2019,00,23.4,23.5,23.3,88,88,85,21.3,21.3,20.9,1016.0,1016.0,1015.6,0.4,171,2.6,-3.28,0.0
A301,08/07/2019,23,22.3,22.6,22.3,89,89,87,20.4,20.6,20.3,1017.2,1017.2,1016.7,0.5,233,1.6,-3.54,0.0
A301,08/07/2019,22,22.6,23.5,22.6,87,87,83,20.4,20.6,20.4,1016.7,1016.8,1016.4,0.3,249,2.2,-3.54,0.0
A301,08/07/2019,21,23.5,24.5,23.5,83,83,77,20.5,20.6,20.2,1016.4,1016.4,1015.8,0.8,206,7.2,4.401,0.0
A301,08/07/2019,20,24.4,27.2,24.4,77,77,65,20.2,20.5,20.0,1015.8,1015.8,1015.4,1.6,173,9.1,398.1,0.0
A301,08/07/2019,19,27.2,28.1,26.4,66,68,64,20.1,21.2,19.8,1015.5,1015.5,1015.2,2.6,162,6.9,1267.,0.0
A301,08/07/2019,18,26.5,28.6,26.5,67,67,61,19.8,21.5,19.4,1015.3,1015.5,1015.3,2.6,141,7.2,1655.,0.0
A301,08/07/2019,17,28.3,28.9,27.3,65,68,61,21.1,21.8,20.0,1015.5,1016.1,1015.5,3.1,140,8.8,2275.,0.0
A301,08/07/2019,16,28.2,29.0,28.0,63,65,60,20.5,21.7,19.8,1016.0,1016.7,1016.0,2.7,133,8.6,2745.,0.0
A301,08/07/2019,15,28.4,28.9,27.0,63,69,60,20.6,22.0,20.0,1016.7,1017.2,1016.7,3.0,148,7.7,2761.,0.0
A301,08/07/2019,14,28.2,28.7,26.7,66,74,63,21.2,22.0,20.3,1017.2,1017.8,1017.2,2.5,149,6.9,2661.,0.0
A301,08/07/2019,13,26.9,27.6,25.6,73,85,73,21.5,23.5,21.5,1017.8,1018.0,1017.7,2.4,143,6.1,1386.,0.0
A301,08/07/2019,12,26.0,27.1,25.2,83,92,82,22.8,24.4,22.8,1017.9,1017.9,1017.4,1.6,167,4.7,1893.,0.0
A301,08/07/2019,11,25.2,25.2,22.6,92,93,91,23.8,23.8,21.4,1017.4,1017.5,1017.0,0.5,193,3.5,798.3,0.0
A301,08/07/2019,10,22.7,22.7,22.3,93,93,93,21.5,21.5,21.1,1017.0,1017.0,1016.6,0.4,242,1.1,172.7,0.0
A301,08/07/2019,09,22.3,22.3,22.1,93,93,93,21.1,21.1,20.9,1016.6,1016.6,1016.3,0.4,310,3.0,22.86,2.0
A301,08/07/2019,08,22.1,22.2,21.7,93,93,92,20.9,20.9,20.5,1016.4,1016.4,1015.8,0.7,216,1.5,-1.91,0.0
A301,08/07/2019,07,21.9,22.3,21.8,93,93,92,20.6,20.9,20.5,1015.8,1015.9,1015.7,0.4,326,1.2,-3.53,0.0
A301,08/07/2019,06,22.3,22.7,22.3,92,92,92,20.9,21.3,20.9,1015.8,1016.0,1015.8,0.3,250,1.8,-3.52,0.0
A301,08/07/2019,05,22.7,23.0,22.7,92,92,91,21.3,21.5,21.3,1016.0,1016.4,1016.0,0.6,234,1.7,-2.31,0.2
A301,08/07/2019,04,23.0,23.1,22.8,91,91,90,21.5,21.5,21.2,1016.4,1016.8,1016.4,0.6,1,1.8,-2.32,0.4
A301,08/07/2019,03,22.9,23.3,22.9,90,91,89,21.3,21.5,21.3,1016.8,1016.9,1016.8,0.4,296,1.6,-2.57,0.0
A301,08/07/2019,02,23.1,23.7,23.1,89,89,87,21.2,21.6,21.1,1016.9,1016.9,1016.6,0.5,272,2.1,-3.47,0.0
A301,09/07/2019,04,21.2,21.5,21.2,92,92,92,19.9,20.1,19.8,1016.6,1017.1,1016.6,0.4,290,0.9,-3.53,0.0
A301,09/07/2019,23,22.6,23.6,22.6,87,87,82,20.2,20.5,20.2,1016.3,1016.3,1015.9,0.3,303,2.2,-3.54,0.0
A301,09/07/2019,22,23.6,24.4,23.6,82,82,80,20.4,20.8,20.4,1015.9,1015.9,1015.5,0.9,139,3.0,-3.54,0.0
A301,09/07/2019,21,24.2,25.2,24.0,80,80,74,20.6,20.6,20.2,1015.5,1015.5,1015.1,1.1,144,3.9,6.541,0.0
A301,09/07/2019,20,25.1,27.2,25.1,74,74,65,20.2,20.3,19.9,1015.1,1015.1,1014.8,1.2,143,4.4,346.1,0.0
A301,09/07/2019,19,27.3,28.1,26.7,67,68,63,20.5,21.0,19.7,1014.8,1014.8,1014.5,1.4,143,5.2,1264.,0.0
A301,09/07/2019,18,28.0,28.4,26.6,63,70,60,20.3,21.2,19.5,1014.5,1014.8,1014.4,2.0,123,5.5,1738.,0.0
A301,09/07/2019,17,26.9,28.8,26.8,68,68,62,20.6,21.0,19.8,1014.8,1015.4,1014.8,1.9,142,5.9,1536.,0.0
A301,09/07/2019,16,28.8,28.8,26.9,63,70,62,21.0,21.3,19.7,1015.4,1015.9,1015.4,2.1,137,5.9,2766.,0.0
A301,09/07/2019,15,26.9,28.2,26.9,69,71,67,20.8,22.4,20.8,1015.9,1016.7,1015.9,2.3,132,8.1,2246.,0.0
A301,09/07/2019,14,27.9,28.1,24.3,71,85,71,22.1,23.7,21.0,1016.7,1017.4,1016.7,2.1,127,6.9,2116.,0.8
A301,09/07/2019,13,24.8,27.9,24.8,80,82,73,21.1,23.9,21.1,1017.4,1017.4,1017.1,2.6,128,6.9,1489.,0.2
A301,09/07/2019,12,26.9,27.1,24.7,82,90,82,23.5,24.5,22.9,1017.3,1017.5,1017.3,1.5,148,4.0,1743.,0.0
A301,09/07/2019,11,24.7,25.2,22.7,90,94,89,22.9,23.5,21.6,1017.4,1017.4,1017.0,0.9,216,2.6,1174.,0.0
A301,09/07/2019,10,22.7,22.7,21.4,94,94,93,21.6,21.6,20.2,1017.0,1017.0,1016.4,0.5,210,1.5,274.0,0.0
A301,09/07/2019,09,21.4,21.7,21.4,93,93,93,20.3,20.6,20.2,1016.4,1016.4,1016.1,0.5,227,2.0,13.04,0.2
A301,09/07/2019,08,21.5,21.5,21.0,93,93,93,20.4,20.4,19.9,1016.3,1016.3,1015.8,0.4,264,1.3,-1.74,0.8
A301,09/07/2019,07,21.1,21.4,21.0,93,93,93,19.9,20.2,19.8,1015.8,1016.0,1015.7,0.3,265,1.5,-2.58,0.2
A301,09/07/2019,06,21.1,21.2,20.9,93,93,93,19.9,20.0,19.7,1015.7,1016.1,1015.6,0.4,316,1.2,-3.46,0.0
A301,09/07/2019,05,21.1,21.3,21.0,93,93,92,19.9,20.1,19.7,1016.1,1016.6,1016.1,0.3,338,1.6,-3.37,0.0
A301,09/07/2019,03,21.5,22.0,21.4,92,92,91,20.1,20.5,20.0,1017.0,1017.3,1017.0,0.3,27,1.1,-3.54,0.0
A301,09/07/2019,02,22.0,22.6,22.0,91,91,90,20.5,21.0,20.5,1017.3,1017.6,1017.3,0.3,313,2.0,-3.38,2.2
A301,09/07/2019,01,22.6,22.7,22.3,90,90,90,20.9,21.1,20.7,1017.6,1017.7,1017.6,0.5,226,1.8,-2.92,0.8
A301,09/07/2019,00,22.3,22.4,22.1,90,90,89,20.6,20.6,20.4,1017.6,1017.6,1017.2,0.6,252,2.0,-3.52,0.0
A301,10/07/2019,03,21.6,21.8,21.6,92,92,91,20.1,20.4,20.1,1015.9,1016.3,1015.9,0.3,282,1.9,-3.54,0.0
A301,10/07/2019,00,21.9,22.6,21.9,89,89,87,20.1,20.2,20.0,1016.3,1016.3,1016.3,0.4,305,1.1,-3.54,0.0
A301,10/07/2019,02,21.8,22.0,21.8,91,91,91,20.3,20.5,20.2,1016.2,1016.4,1016.2,0.5,245,1.9,-3.52,0.0
A301,10/07/2019,23,23.6,23.8,23.4,89,89,85,21.7,21.7,21.0,1014.9,1014.9,1014.6,0.5,239,3.2,-3.13,0.0
A301,10/07/2019,22,23.8,24.7,23.8,85,85,76,21.0,21.1,20.0,1014.6,1014.7,1014.4,0.9,141,3.5,-3.29,0.4
A301,10/07/2019,21,24.7,25.6,24.6,76,76,72,20.2,20.3,19.8,1014.4,1014.4,1013.9,0.9,137,4.0,5.813,0.0
A301,10/07/2019,20,25.6,27.5,25.4,73,80,69,20.3,21.7,20.3,1013.9,1014.0,1013.5,1.8,117,7.5,377.5,0.0
A301,10/07/2019,19,26.7,28.1,26.4,69,72,65,20.6,21.5,20.5,1013.6,1013.6,1013.3,2.3,139,6.4,845.8,0.0
A301,10/07/2019,18,28.1,28.8,27.3,66,68,62,21.2,21.8,20.3,1013.4,1013.4,1013.2,2.4,135,6.8,1712.,0.0
A301,10/07/2019,17,28.8,29.1,27.2,66,69,61,21.7,21.9,20.1,1013.4,1014.0,1013.3,2.4,126,6.8,2058.,0.0
A301,10/07/2019,16,28.2,29.2,27.5,63,68,61,20.6,21.8,20.2,1014.0,1014.8,1014.0,2.5,116,6.8,2489.,0.0
A301,10/07/2019,15,28.2,29.1,27.5,68,69,63,21.7,22.0,20.4,1014.7,1015.3,1014.7,2.0,124,7.0,2147.,0.0
A301,10/07/2019,14,27.8,28.8,27.4,65,69,63,20.5,21.7,20.4,1015.3,1016.0,1015.3,2.9,127,8.0,2688.,0.0
A301,10/07/2019,13,27.4,28.1,26.1,68,77,67,21.1,22.4,20.9,1015.9,1016.4,1015.9,2.6,136,7.9,1981.,0.0
A301,10/07/2019,12,26.1,27.2,25.9,76,89,76,21.6,24.4,21.6,1016.3,1016.5,1016.3,2.4,131,7.5,1293.,0.0
A301,10/07/2019,11,25.9,26.2,23.5,88,93,88,23.8,24.3,22.3,1016.3,1016.4,1016.1,1.3,126,5.0,819.6,0.0
A301,10/07/2019,10,23.5,23.5,22.2,93,93,93,22.3,22.3,21.0,1016.1,1016.1,1015.4,0.7,288,2.6,286.7,0.0
A301,10/07/2019,09,22.3,22.3,22.1,93,93,93,21.1,21.1,20.9,1015.4,1015.5,1015.2,0.2,287,1.6,16.36,0.8
A301,10/07/2019,08,22.3,22.6,22.3,93,93,92,21.0,21.3,21.0,1015.3,1015.3,1015.0,0.4,219,1.4,-2.29,0.0
A301,10/07/2019,07,22.6,22.6,22.3,92,93,92,21.3,21.3,21.1,1015.0,1015.0,1014.7,0.5,255,2.6,-1.00,0.2
A301,10/07/2019,06,22.4,22.4,22.2,92,93,92,21.1,21.1,21.0,1014.9,1015.1,1014.9,0.6,229,2.0,-2.01,0.0
A301,10/07/2019,01,21.8,21.9,21.8,91,91,89,20.2,20.3,20.0,1016.4,1016.5,1016.3,0.3,261,0.9,-3.52,0.0
A301,10/07/2019,05,22.2,22.2,21.5,92,93,92,21.0,21.0,20.2,1015.1,1015.5,1015.0,0.6,166,2.0,-1.45,0.6
A301,10/07/2019,04,21.5,21.6,21.4,92,92,92,20.2,20.2,20.1,1015.5,1015.9,1015.5,0.4,270,1.1,-3.53,0.0
A301,11/07/2019,13,28.0,28.8,25.4,71,83,71,22.3,23.9,21.8,1014.7,1015.0,1014.7,2.4,101,6.9,2546.,0.6
A301,11/07/2019,23,22.7,23.4,22.7,87,87,83,20.4,20.6,20.3,1014.4,1014.4,1013.9,0.4,199,2.6,-3.54,0.0
A301,11/07/2019,22,23.4,24.8,23.3,83,83,76,20.3,20.3,19.9,1013.9,1013.9,1013.6,0.7,143,3.5,-3.54,0.0
A301,11/07/2019,21,24.5,25.7,24.5,76,76,71,19.9,20.1,19.8,1013.6,1013.6,1013.1,1.4,123,4.3,6.085,0.0
A301,11/07/2019,20,25.7,27.6,25.7,71,71,64,20.1,20.4,19.9,1013.1,1013.1,1012.6,1.8,129,4.9,343.4,0.0
A301,11/07/2019,19,27.3,28.3,27.2,64,65,62,19.9,20.9,19.5,1012.6,1012.6,1012.3,2.1,117,8.1,1319.,0.0
A301,11/07/2019,18,27.6,28.8,27.0,65,67,62,20.4,21.4,19.4,1012.3,1012.5,1012.3,2.2,117,8.1,1572.,0.0
A301,11/07/2019,17,27.8,29.4,26.9,67,67,62,21.0,22.1,20.1,1012.5,1013.0,1012.5,2.3,111,6.8,1861.,0.0
A301,11/07/2019,16,28.3,29.5,27.5,65,68,60,21.2,21.9,20.2,1013.0,1013.7,1013.0,2.4,109,7.7,2454.,0.0
A301,11/07/2019,15,29.0,29.2,26.8,62,78,62,21.0,23.1,20.9,1013.7,1014.3,1013.7,2.5,92,8.6,2868.,0.0
A301,11/07/2019,14,26.8,29.1,26.3,77,77,69,22.4,23.4,21.0,1014.3,1014.7,1014.3,1.3,103,8.4,1971.,0.0
A301,11/07/2019,12,27.6,28.1,26.6,74,85,74,22.6,24.6,22.6,1014.9,1015.0,1014.7,1.8,105,6.9,1675.,0.0
A301,11/07/2019,11,27.7,28.2,24.0,84,93,84,24.8,25.6,22.8,1014.7,1014.7,1014.1,1.7,100,5.1,1313.,0.0
A301,11/07/2019,10,24.0,24.3,22.4,93,94,93,22.9,23.2,21.3,1014.1,1014.1,1013.6,0.6,156,1.9,414.4,0.0
A301,11/07/2019,09,22.4,22.8,22.2,93,94,93,21.3,21.7,21.0,1013.6,1013.6,1013.3,0.5,279,4.0,30.50,2.4
A301,11/07/2019,08,22.3,22.4,22.1,93,93,93,21.2,21.2,21.0,1013.3,1013.4,1013.1,0.4,269,1.2,-2.73,0.0
A301,11/07/2019,07,22.4,22.7,22.4,93,93,93,21.2,21.5,21.2,1013.1,1013.4,1013.0,0.4,227,4.6,-2.07,8.0
A301,11/07/2019,06,22.5,22.6,22.4,93,93,93,21.2,21.4,21.2,1013.0,1013.5,1013.0,0.5,281,1.4,-2.47,0.0
A301,11/07/2019,05,22.5,22.7,22.4,93,93,92,21.3,21.5,21.1,1013.5,1013.9,1013.5,0.5,174,3.7,-2.72,1.4
A301,11/07/2019,04,22.5,22.8,22.5,92,92,92,21.2,21.5,21.2,1013.8,1014.5,1013.8,0.2,264,2.6,-2.55,0.0
A301,11/07/2019,03,22.6,22.9,22.5,92,92,92,21.3,21.5,21.2,1014.5,1015.1,1014.5,0.3,273,1.1,-3.53,0.0
A301,11/07/2019,02,22.9,23.3,22.9,92,92,91,21.4,21.8,21.4,1015.1,1015.2,1015.1,0.4,118,2.2,-3.40,0.0
A301,11/07/2019,01,23.3,23.4,23.2,91,91,90,21.8,21.8,21.6,1015.2,1015.4,1015.1,0.8,161,2.6,-2.92,1.8
A301,11/07/2019,00,23.4,23.7,23.4,90,90,89,21.7,21.9,21.6,1015.3,1015.4,1014.9,0.4,226,2.6,-3.49,0.2
A301,12/07/2019,01,22.1,22.4,22.1,90,90,89,20.4,20.5,20.3,1014.5,1014.6,1014.5,0.4,261,1.4,-3.54,0.0
A301,12/07/2019,00,22.4,22.7,22.4,89,89,87,20.5,20.5,20.3,1014.6,1014.6,1014.4,0.4,189,1.7,-3.54,0.0
A301,12/07/2019,23,22.8,24.1,22.8,86,86,80,20.3,20.5,20.2,1014.9,1014.9,1014.4,0.4,176,2.5,-3.54,0.0
A301,12/07/2019,22,24.0,25.3,24.0,80,80,76,20.2,20.8,20.2,1014.4,1014.4,1014.0,1.0,129,4.2,-3.54,0.0
A301,12/07/2019,21,25.3,25.7,24.8,77,78,72,20.9,21.1,20.3,1014.0,1014.0,1013.6,1.1,110,4.2,26.60,0.0
A301,12/07/2019,20,25.7,27.3,25.7,72,72,67,20.3,20.8,20.2,1013.6,1013.6,1013.2,0.8,157,4.8,358.1,0.0
A301,12/07/2019,19,27.3,28.1,26.8,68,69,64,20.8,21.5,20.2,1013.2,1013.2,1012.8,2.1,138,5.8,1004.,0.0
A301,12/07/2019,18,28.0,28.8,27.3,64,67,61,20.7,21.4,19.8,1012.8,1012.9,1012.6,2.1,148,6.2,1756.,0.0
A301,12/07/2019,17,27.4,29.1,27.4,64,66,59,20.1,21.5,19.8,1012.8,1013.3,1012.8,2.3,141,7.0,2068.,0.0
A301,12/07/2019,16,28.4,29.6,28.0,61,65,58,20.3,21.5,20.0,1013.3,1014.3,1013.3,2.3,115,6.2,2650.,0.0
A301,12/07/2019,15,29.6,29.6,27.6,58,68,58,20.5,22.1,20.1,1014.3,1014.9,1014.3,2.8,119,6.6,2791.,0.0
A301,12/07/2019,14,27.9,28.6,26.9,68,70,64,21.5,21.9,20.4,1014.9,1015.4,1014.9,2.5,113,6.6,1723.,0.0
A301,12/07/2019,13,27.6,29.1,26.5,69,73,64,21.5,22.1,20.5,1015.4,1015.6,1015.4,2.1,116,5.8,1988.,0.0
A301,12/07/2019,12,27.1,27.7,26.5,70,84,68,21.1,23.9,20.6,1015.5,1015.5,1015.0,2.3,114,5.9,1896.,0.0
A301,12/07/2019,11,26.8,26.9,22.1,84,94,84,23.9,24.3,21.0,1015.0,1015.0,1014.5,2.3,120,5.1,1274.,0.0
A301,12/07/2019,10,22.1,22.2,20.1,93,94,93,21.0,21.1,19.0,1014.5,1014.5,1013.6,0.3,341,1.5,307.8,0.0
A301,12/07/2019,09,20.1,20.3,20.1,93,93,93,19.0,19.2,19.0,1013.6,1013.6,1013.4,0.5,287,1.6,16.43,0.0
A301,12/07/2019,08,20.3,20.6,20.3,93,93,93,19.1,19.5,19.1,1013.4,1013.5,1013.3,0.5,291,1.5,-3.45,0.0
A301,12/07/2019,07,20.5,20.5,20.3,93,93,93,19.3,19.3,19.1,1013.3,1013.3,1013.0,0.5,285,1.8,-3.53,0.0
A301,12/07/2019,06,20.4,20.7,20.3,93,93,93,19.2,19.5,19.1,1013.0,1013.3,1012.9,0.5,291,1.1,-3.54,0.0
A301,12/07/2019,05,20.6,21.1,20.6,93,93,92,19.4,19.8,19.4,1013.3,1013.6,1013.3,0.3,282,1.1,-3.54,0.0
A301,12/07/2019,04,21.0,21.5,21.0,92,92,92,19.7,20.1,19.7,1013.6,1014.1,1013.6,0.6,297,1.7,-3.16,0.0
A301,12/07/2019,03,21.3,21.8,21.3,92,92,91,19.9,20.2,19.9,1014.1,1014.4,1014.0,0.4,281,1.2,-3.54,0.0
A301,12/07/2019,02,21.8,22.1,21.8,91,91,90,20.2,20.4,20.2,1014.3,1014.5,1014.3,0.5,263,1.2,-3.54,0.0
A301,13/07/2019,04,22.3,22.8,22.3,92,92,91,20.9,21.3,20.9,1013.7,1014.5,1013.7,0.5,267,1.5,-3.19,0.0
A301,13/07/2019,23,22.9,23.4,22.9,90,90,89,21.2,21.4,21.2,1015.3,1015.3,1014.9,1.3,183,4.2,-3.48,0.2
A301,13/07/2019,22,23.4,23.8,23.4,89,89,88,21.5,21.7,21.5,1014.9,1014.9,1014.4,1.6,184,4.1,-3.54,0.2
A301,13/07/2019,21,23.8,24.8,23.8,88,88,84,21.7,21.9,21.6,1014.4,1014.5,1014.1,0.8,170,4.4,-0.70,0.0
A301,13/07/2019,20,24.8,26.1,24.7,84,84,79,21.9,22.1,21.8,1014.1,1014.1,1013.5,1.3,170,4.9,198.8,0.0
A301,13/07/2019,19,25.9,28.8,25.8,79,79,67,22.0,22.7,21.4,1013.5,1013.5,1013.0,2.0,159,5.2,1072.,0.0
A301,13/07/2019,18,28.4,28.4,26.6,70,76,69,22.3,23.0,21.6,1013.0,1013.2,1013.0,1.4,126,4.0,1205.,0.0
A301,13/07/2019,17,27.4,29.0,27.0,74,74,67,22.5,22.7,21.1,1013.2,1013.8,1013.2,0.7,145,2.9,1374.,0.0
A301,13/07/2019,16,27.7,27.9,25.2,71,83,71,22.0,23.3,21.3,1013.8,1014.8,1013.8,1.2,133,4.4,2021.,0.0
A301,13/07/2019,15,25.8,27.0,25.4,79,88,77,21.9,23.5,21.9,1014.8,1015.5,1014.8,1.7,148,4.4,1794.,0.0
A301,13/07/2019,14,25.4,26.4,24.4,87,88,83,23.0,23.6,21.9,1015.5,1015.7,1015.5,1.1,183,3.6,979.4,0.2
A301,13/07/2019,13,26.2,26.6,23.3,84,91,84,23.4,24.5,21.7,1015.6,1016.2,1015.6,1.0,191,3.6,1456.,0.0
A301,13/07/2019,12,23.4,24.9,23.4,91,91,90,21.8,23.2,21.8,1016.2,1016.3,1015.5,1.2,126,5.7,422.3,0.4
A301,13/07/2019,11,24.8,25.2,23.7,90,93,90,23.0,23.6,22.4,1015.5,1015.5,1014.9,0.6,217,2.1,793.8,0.0
A301,13/07/2019,10,23.9,23.9,22.2,93,93,93,22.7,22.7,21.1,1014.9,1014.9,1014.4,0.3,248,2.0,456.5,0.0
A301,13/07/2019,09,22.2,22.3,21.9,93,93,93,21.1,21.1,20.7,1014.5,1014.5,1013.9,0.7,153,2.3,25.42,1.6
A301,13/07/2019,08,22.1,22.2,22.0,93,93,93,20.9,21.0,20.7,1014.1,1014.1,1013.9,0.4,69,3.9,-0.20,7.4
A301,13/07/2019,07,22.0,22.6,22.0,93,93,92,20.7,21.4,20.7,1014.0,1014.0,1013.3,0.7,132,2.1,-0.46,12.0
A301,13/07/2019,06,22.3,22.6,22.3,93,93,92,21.0,21.3,21.0,1013.4,1013.6,1013.3,0.5,340,2.3,-1.66,0.0
A301,13/07/2019,05,22.6,22.6,22.2,92,92,92,21.2,21.3,20.9,1013.6,1014.0,1013.6,0.5,250,1.5,-1.64,1.8
A301,13/07/2019,03,22.7,22.8,22.5,91,91,91,21.2,21.3,20.9,1014.5,1015.1,1014.5,0.6,261,2.4,-1.99,2.8
A301,13/07/2019,02,22.5,22.7,22.5,91,91,90,20.9,20.9,20.8,1014.9,1015.2,1014.9,0.4,291,1.2,-3.17,0.0
A301,13/07/2019,01,22.7,22.7,22.4,90,90,89,20.9,20.9,20.4,1015.1,1015.3,1015.1,0.5,292,3.5,-2.92,0.0
A301,13/07/2019,00,22.5,22.8,22.4,89,89,86,20.5,20.5,20.3,1015.3,1015.3,1014.9,0.3,265,1.8,-3.54,0.0
A301,14/07/2019,06,22.3,22.4,22.3,93,93,92,21.0,21.2,21.0,1013.4,1013.4,1013.2,0.8,185,2.9,-0.89,0.8
A301,14/07/2019,03,22.5,22.5,22.4,92,92,92,21.1,21.2,21.1,1014.4,1014.8,1014.4,0.8,219,2.5,-2.49,0.2
A301,14/07/2019,02,22.5,22.7,22.5,92,92,92,21.1,21.3,21.1,1014.8,1015.2,1014.8,0.5,232,2.1,-2.51,0.0
A301,14/07/2019,00,22.7,22.9,22.7,91,91,90,21.2,21.2,21.1,1015.4,1015.5,1015.3,0.6,222,4.2,-3.42,0.6
A301,14/07/2019,05,22.3,22.4,22.3,92,92,92,21.0,21.1,21.0,1013.3,1013.8,1013.3,1.0,230,2.9,-2.52,1.4
A301,14/07/2019,23,22.8,22.9,22.6,92,92,91,21.4,21.4,21.2,1014.0,1014.0,1013.4,0.3,284,2.8,-1.83,0.2
A301,14/07/2019,22,22.6,22.7,22.4,92,92,91,21.2,21.3,20.8,1013.4,1013.5,1013.1,0.6,235,3.5,-1.84,0.0
A301,14/07/2019,21,22.4,24.0,22.4,91,91,89,20.8,22.0,20.8,1013.1,1013.5,1012.9,1.0,217,5.6,-0.99,3.8
A301,14/07/2019,20,24.0,24.8,24.0,89,89,88,22.0,22.8,22.0,1012.9,1012.9,1012.4,0.7,166,3.7,123.3,0.0
A301,14/07/2019,19,24.4,25.2,24.1,89,89,87,22.4,23.1,22.0,1012.4,1012.4,1012.0,0.5,177,4.8,280.3,0.0
A301,14/07/2019,18,25.2,26.0,24.4,89,89,84,23.2,23.3,22.0,1012.0,1012.3,1011.9,0.5,25,3.8,714.9,1.6
A301,14/07/2019,17,25.5,25.6,24.3,86,88,86,23.0,23.1,22.0,1012.1,1012.9,1012.1,1.4,180,4.6,1249.,0.0
A301,14/07/2019,16,24.4,26.0,24.1,88,89,84,22.3,23.7,21.7,1012.9,1013.9,1012.9,1.7,169,6.8,1682.,0.4
A301,14/07/2019,01,22.7,22.8,22.7,92,92,91,21.2,21.3,21.2,1015.1,1015.4,1015.1,0.8,206,3.2,-2.67,0.0
A301,14/07/2019,15,25.1,25.5,23.7,87,90,86,22.9,23.7,21.7,1013.9,1014.7,1013.9,2.0,130,7.2,1733.,1.2
A301,14/07/2019,14,24.1,27.0,24.1,88,89,85,22.0,24.8,21.9,1014.6,1014.9,1014.6,2.3,121,7.0,1229.,1.0
A301,14/07/2019,13,26.1,26.3,24.5,88,92,88,23.9,24.6,23.0,1014.9,1015.3,1014.9,1.6,170,3.9,1512.,0.0
A301,14/07/2019,12,24.5,24.5,23.1,92,93,92,23.1,23.2,21.8,1015.3,1015.3,1015.0,0.9,212,3.2,891.2,1.4
A301,14/07/2019,11,23.1,23.6,22.9,93,93,92,21.8,22.4,21.6,1015.0,1015.1,1014.5,1.0,204,3.3,381.4,5.8
A301,14/07/2019,10,23.6,23.9,22.2,93,94,93,22.3,22.8,21.1,1014.5,1014.5,1014.1,0.8,279,4.8,328.8,0.8
A301,14/07/2019,09,22.2,22.4,22.2,93,93,93,21.1,21.2,21.0,1014.2,1014.2,1013.4,1.1,153,4.5,5.098,1.6
A301,14/07/2019,04,22.4,22.5,22.4,92,92,92,21.1,21.2,21.0,1013.8,1014.4,1013.8,1.1,193,3.0,-2.65,0.4
A301,14/07/2019,08,22.4,22.5,22.3,93,93,93,21.2,21.3,21.1,1013.7,1013.7,1013.4,0.4,258,4.3,-2.23,0.2
A301,14/07/2019,07,22.5,22.5,22.1,93,93,93,21.3,21.3,20.9,1013.5,1013.5,1013.1,1.4,140,4.3,-2.03,1.2
A301,15/07/2019,01,22.8,23.0,22.7,92,92,92,21.5,21.6,21.4,1014.5,1014.6,1014.4,1.1,165,4.1,-2.57,0.2
A301,15/07/2019,23,21.3,22.2,21.3,86,86,79,18.8,18.9,18.4,1014.2,1014.3,1014.1,0.5,177,2.2,-3.54,0.0
A301,15/07/2019,22,22.2,23.8,22.2,79,79,75,18.4,19.7,18.3,1014.1,1014.1,1013.6,0.4,187,3.4,-3.54,0.0
A301,15/07/2019,21,23.3,25.2,23.3,79,79,69,19.5,19.6,18.6,1013.6,1013.6,1013.1,0.8,152,4.5,6.561,0.0
A301,15/07/2019,20,25.2,26.8,25.0,69,69,61,19.0,19.1,18.5,1013.1,1013.1,1012.6,1.7,149,5.7,345.1,0.0
A301,15/07/2019,19,26.8,27.8,26.8,61,61,56,18.7,19.1,18.0,1012.6,1012.6,1012.2,2.2,138,6.5,1369.,0.0
A301,15/07/2019,18,27.6,28.4,27.6,57,59,54,18.3,19.6,17.8,1012.2,1012.4,1012.1,2.3,158,7.0,2120.,0.0
A301,15/07/2019,17,27.9,28.5,27.7,57,59,53,18.7,19.3,17.7,1012.4,1013.2,1012.4,2.4,150,7.5,2608.,0.0
A301,15/07/2019,16,28.2,28.6,28.0,54,59,53,18.1,19.5,17.7,1013.2,1014.0,1013.2,2.7,144,7.5,2994.,0.0
A301,15/07/2019,15,28.0,28.3,27.5,56,60,54,18.5,19.3,17.7,1014.0,1014.8,1014.0,2.6,134,6.3,3084.,0.0
A301,15/07/2019,14,28.1,28.1,27.2,60,65,57,19.5,20.4,18.2,1014.8,1015.0,1014.8,2.0,161,5.9,2967.,0.0
A301,15/07/2019,13,27.7,27.8,25.3,64,86,64,20.2,23.7,20.0,1015.0,1015.1,1015.0,2.1,144,6.3,2014.,0.0
A301,15/07/2019,12,25.3,26.9,24.4,85,92,83,22.6,24.4,22.5,1015.1,1015.1,1014.8,1.2,171,4.3,1448.,0.0
A301,15/07/2019,11,24.8,25.0,22.2,91,94,91,23.1,23.7,21.1,1014.8,1014.8,1014.4,0.9,209,2.8,1002.,0.0
A301,15/07/2019,10,22.2,22.3,20.8,94,94,94,21.1,21.3,19.8,1014.4,1014.4,1013.6,0.4,282,1.3,278.4,0.0
A301,15/07/2019,09,20.9,21.4,20.8,94,94,93,19.8,20.3,19.7,1013.6,1013.6,1013.1,0.5,277,1.1,12.45,0.0
A301,15/07/2019,08,21.4,21.5,21.3,94,94,93,20.3,20.4,20.2,1013.1,1013.1,1012.8,0.3,284,1.5,-2.73,0.0
A301,15/07/2019,07,21.3,21.4,20.9,93,94,93,20.2,20.3,19.8,1012.9,1012.9,1012.7,0.3,285,1.2,-1.77,0.4
A301,15/07/2019,06,21.0,21.4,21.0,93,93,93,19.8,20.2,19.8,1012.7,1012.8,1012.6,0.3,228,0.8,-3.54,0.0
A301,15/07/2019,05,21.4,21.8,21.3,93,93,93,20.3,20.7,20.2,1012.8,1013.2,1012.8,0.2,283,0.9,-3.54,0.0
A301,15/07/2019,04,21.8,22.1,21.8,93,93,93,20.7,20.9,20.7,1013.2,1013.8,1013.2,0.3,278,1.3,-3.21,0.0
A301,15/07/2019,03,22.0,22.7,22.0,93,93,92,20.8,21.4,20.8,1013.8,1014.2,1013.8,0.4,270,1.1,-3.54,0.0
A301,15/07/2019,02,22.7,22.9,22.7,92,92,92,21.4,21.6,21.4,1014.2,1014.5,1014.2,0.2,346,4.1,-2.22,1.6
A301,15/07/2019,00,23.0,23.2,22.8,92,92,92,21.6,21.8,21.4,1014.4,1014.4,1014.0,0.6,259,4.9,-2.04,1.2
A301,16/07/2019,01,20.3,20.8,20.3,90,90,88,18.7,18.8,18.6,1014.8,1014.8,1014.6,0.4,290,1.3,-3.54,0.0
A301,16/07/2019,00,20.7,21.3,20.7,88,88,86,18.8,19.0,18.7,1014.7,1014.7,1014.2,0.6,280,1.6,-3.54,0.0
A301,16/07/2019,14,27.5,27.8,26.6,69,77,66,21.2,22.3,20.2,1015.3,1015.7,1015.3,2.1,127,5.3,1601.,0.0
A301,16/07/2019,13,26.8,27.6,25.0,75,89,75,22.1,24.4,22.1,1015.7,1015.9,1015.7,1.4,167,4.4,1863.,0.2
A301,16/07/2019,18,28.0,28.9,27.7,58,60,54,18.9,20.0,18.1,1013.4,1013.5,1013.4,1.9,141,5.4,2106.,0.0
A301,16/07/2019,22,22.0,23.7,22.0,84,84,76,19.1,19.2,18.9,1014.6,1014.6,1014.2,0.5,160,2.3,-3.54,0.0
A301,16/07/2019,15,26.5,27.7,26.5,69,70,66,20.3,21.4,20.1,1014.6,1015.3,1014.6,2.0,146,6.0,1466.,0.0
A301,16/07/2019,23,21.1,22.1,21.1,88,88,84,18.9,19.2,18.9,1015.1,1015.1,1014.6,0.3,251,2.1,-3.54,0.0
A301,16/07/2019,12,25.6,25.7,23.9,88,92,87,23.5,23.5,22.7,1015.9,1015.9,1015.1,0.6,137,1.7,827.7,0.0
A301,16/07/2019,19,26.9,28.2,26.9,61,61,55,18.8,19.3,17.8,1013.8,1013.8,1013.4,1.9,137,5.4,1347.,0.0
A301,16/07/2019,16,28.5,28.6,26.4,60,69,59,20.0,21.1,19.5,1014.0,1014.6,1014.0,2.6,135,6.4,2790.,0.0
A301,16/07/2019,11,23.9,24.0,20.8,92,94,92,22.5,22.6,19.8,1015.1,1015.1,1014.4,0.3,234,1.4,821.1,0.0
A301,16/07/2019,17,28.6,28.9,28.1,57,62,55,19.4,20.9,18.7,1013.5,1014.0,1013.5,1.9,132,6.4,2656.,0.0
A301,16/07/2019,21,23.7,25.0,23.5,76,76,69,19.2,19.2,18.6,1014.2,1014.2,1014.0,1.1,145,4.1,6.003,0.0
A301,16/07/2019,20,25.0,26.9,25.0,69,69,61,18.8,19.1,18.7,1014.1,1014.1,1013.8,1.5,147,6.2,331.1,0.0
A301,16/07/2019,10,20.8,20.8,18.7,94,94,94,19.8,19.8,17.7,1014.4,1014.4,1013.7,0.3,351,1.2,325.5,0.0
A301,16/07/2019,09,18.7,18.7,18.5,94,94,93,17.6,17.6,17.4,1013.7,1013.7,1013.5,0.3,301,1.1,11.73,0.0
A301,16/07/2019,08,18.6,18.8,18.6,93,93,93,17.5,17.7,17.5,1013.5,1013.5,1013.2,0.3,260,0.6,-3.54,0.0
A301,16/07/2019,07,18.8,19.0,18.8,93,93,93,17.7,17.8,17.6,1013.2,1013.2,1013.0,0.3,305,0.8,-3.54,0.0
A301,16/07/2019,06,19.0,19.4,18.9,93,93,93,17.8,18.1,17.8,1013.1,1013.2,1013.1,0.1,22,0.8,-3.54,0.0
A301,16/07/2019,05,19.3,19.4,19.1,93,93,92,18.1,18.2,17.9,1013.2,1013.7,1013.2,0.3,310,1.0,-3.54,0.0
A301,16/07/2019,04,19.4,19.7,19.4,92,92,92,18.1,18.4,18.1,1013.7,1014.2,1013.7,0.3,257,1.1,-3.54,0.0
A301,16/07/2019,03,19.7,20.1,19.7,92,92,91,18.3,18.6,18.3,1014.2,1014.5,1014.2,0.4,296,1.3,-3.54,0.0
A301,16/07/2019,02,20.1,20.3,20.1,91,91,90,18.6,18.8,18.6,1014.5,1014.8,1014.5,0.4,275,1.7,-3.54,0.0
A301,17/07/2019,03,19.4,19.8,19.4,92,92,92,18.1,18.5,18.1,1015.4,1015.7,1015.4,0.3,242,1.2,-3.54,0.0
A301,17/07/2019,09,18.8,18.9,18.7,94,94,93,17.8,17.8,17.6,1015.4,1015.4,1015.0,0.2,223,0.7,16.37,0.0
A301,17/07/2019,08,18.9,18.9,18.8,94,94,93,17.8,17.9,17.7,1015.0,1015.1,1014.7,0.2,227,1.0,-3.54,0.0
A301,17/07/2019,00,20.4,21.1,20.4,90,90,88,18.7,18.9,18.6,1015.5,1015.5,1015.1,0.2,266,0.8,-3.54,0.0
A301,17/07/2019,01,20.1,20.4,20.0,91,91,90,18.6,18.8,18.5,1015.6,1015.6,1015.5,0.5,290,1.0,-3.54,0.0
A301,17/07/2019,02,19.8,20.1,19.7,92,92,91,18.5,18.6,18.3,1015.6,1015.6,1015.5,0.7,299,1.1,-3.54,0.0
A301,17/07/2019,10,20.8,20.8,18.8,94,94,94,19.8,19.8,17.8,1015.9,1015.9,1015.4,0.5,314,1.0,262.3,0.0
A301,17/07/2019,04,19.1,19.5,19.1,93,93,92,17.9,18.2,17.9,1015.0,1015.4,1015.0,0.4,292,1.1,-3.54,0.0
A301,17/07/2019,05,19.0,19.2,18.9,93,93,93,17.8,18.1,17.7,1014.4,1015.0,1014.4,0.3,246,1.3,-3.54,0.0
A301,17/07/2019,06,18.7,19.0,18.7,93,93,93,17.5,17.8,17.5,1014.2,1014.4,1014.2,0.3,351,1.2,-3.54,0.0
A301,17/07/2019,07,18.9,19.0,18.6,93,94,93,17.8,17.9,17.5,1014.7,1014.7,1014.2,0.5,285,1.0,-3.50,0.0
A301,17/07/2019,21,24.8,25.5,24.8,76,76,71,20.4,20.6,19.9,1014.9,1014.9,1014.4,1.4,147,4.9,7.663,0.0
A301,17/07/2019,22,23.9,24.8,23.5,81,81,76,20.4,20.5,20.0,1015.6,1015.6,1014.9,0.9,147,3.7,-3.54,0.0
A301,17/07/2019,23,22.7,24.2,22.7,84,84,80,19.8,20.7,19.8,1016.2,1016.2,1015.6,0.4,223,3.0,-3.54,0.0
A301,17/07/2019,19,26.6,28.2,26.5,67,67,61,20.1,20.9,19.4,1014.0,1014.0,1013.8,2.1,144,6.9,1330.,0.0
A301,17/07/2019,20,25.5,26.6,25.5,71,71,67,19.9,20.2,19.6,1014.4,1014.4,1014.0,1.9,144,5.9,248.1,0.0
A301,17/07/2019,18,28.0,28.7,27.5,63,67,62,20.4,21.5,20.1,1013.9,1013.9,1013.7,2.7,141,6.9,2073.,0.0
A301,17/07/2019,17,28.7,29.1,27.9,62,65,59,20.8,21.7,19.9,1013.9,1014.4,1013.9,2.5,134,6.0,2668.,0.0
A301,17/07/2019,16,29.1,29.3,27.9,61,65,58,20.7,21.4,19.7,1014.4,1015.1,1014.4,2.2,132,6.4,2967.,0.0
A301,17/07/2019,15,28.5,29.5,28.1,63,64,58,20.7,21.0,19.4,1015.1,1015.9,1015.1,2.3,143,5.9,2990.,0.0
A301,17/07/2019,14,28.4,28.9,27.2,61,67,60,20.2,21.4,19.7,1015.8,1016.4,1015.8,2.5,135,6.4,2663.,0.0
A301,17/07/2019,13,27.9,28.2,26.1,66,76,65,20.9,22.6,20.7,1016.4,1016.7,1016.4,2.2,135,5.8,2071.,0.0
A301,17/07/2019,12,27.2,27.2,25.6,76,88,76,22.6,24.0,21.8,1016.5,1016.6,1016.5,1.5,154,3.3,1934.,0.0
A301,17/07/2019,11,25.6,25.7,20.8,87,94,87,23.2,23.5,20.0,1016.5,1016.5,1015.9,0.5,28,1.6,1390.,0.0
A301,18/07/2019,08,20.3,20.9,20.3,93,93,93,19.1,19.6,19.1,1015.9,1016.1,1015.9,0.3,260,1.7,-3.54,0.0
A301,18/07/2019,15,28.7,29.0,28.1,53,56,49,18.3,18.7,16.6,1016.8,1017.4,1016.8,2.8,145,8.3,3130.,0.0
A301,18/07/2019,22,24.0,24.4,23.9,74,74,71,19.0,19.3,18.6,1016.5,1016.5,1016.1,0.8,174,4.0,-3.54,0.0
A301,18/07/2019,09,20.2,20.3,20.0,93,93,93,19.1,19.1,18.8,1016.2,1016.2,1015.8,0.4,273,1.1,12.16,0.0
A301,18/07/2019,10,22.0,22.0,20.2,93,94,93,20.8,20.8,19.1,1017.0,1017.0,1016.2,1.6,209,4.8,268.2,0.0
A301,18/07/2019,14,28.3,28.5,26.8,54,64,53,18.2,19.7,17.7,1017.4,1017.8,1017.4,3.4,145,8.4,3019.,0.0
A301,18/07/2019,03,21.7,22.1,21.7,92,92,91,20.3,20.7,20.3,1016.7,1017.0,1016.7,0.6,265,2.3,-3.32,0.0
A301,18/07/2019,11,24.8,24.8,22.0,86,93,86,22.4,22.4,20.9,1017.6,1017.6,1017.0,1.9,202,6.0,1366.,0.0
A301,18/07/2019,20,25.2,26.7,25.2,67,67,60,18.7,18.9,18.3,1015.7,1015.7,1015.3,2.0,149,7.8,353.0,0.0
A301,18/07/2019,00,22.6,22.8,22.3,89,89,84,20.7,20.7,19.7,1016.6,1016.7,1016.2,0.4,256,2.1,-3.10,1.0
A301,18/07/2019,12,26.4,26.6,24.8,73,87,73,21.2,22.6,21.2,1017.9,1018.0,1017.6,2.2,165,5.9,2087.,0.0
A301,18/07/2019,02,22.0,22.4,22.0,91,91,91,20.6,20.9,20.6,1016.9,1017.0,1016.9,0.4,232,1.2,-3.02,0.0
A301,18/07/2019,13,26.8,27.9,26.1,64,74,61,19.5,21.4,18.7,1017.8,1017.9,1017.8,2.3,171,7.9,2427.,0.0
A301,18/07/2019,01,22.4,22.7,22.2,91,91,89,20.7,20.8,20.5,1016.9,1016.9,1016.6,0.3,212,1.4,-2.68,0.0
A301,18/07/2019,19,26.6,27.9,26.6,61,61,52,18.4,18.5,17.0,1015.3,1015.3,1015.1,3.0,163,7.3,1412.,0.0
A301,18/07/2019,04,21.6,21.9,21.6,92,92,92,20.3,20.5,20.2,1016.5,1016.7,1016.5,0.5,250,2.2,-3.52,0.0
A301,18/07/2019,21,24.2,25.4,24.2,71,71,67,18.6,18.9,18.4,1016.1,1016.1,1015.7,1.0,170,5.9,6.610,0.0
A301,18/07/2019,17,28.4,29.0,28.2,49,56,45,16.8,18.8,15.7,1015.4,1015.9,1015.3,3.4,144,9.3,2655.,0.0
A301,18/07/2019,05,21.3,21.7,21.3,93,93,92,20.0,20.4,20.0,1016.0,1016.5,1016.0,0.6,253,1.7,-3.53,0.0
A301,18/07/2019,18,27.9,28.5,27.8,52,56,47,17.2,18.4,15.9,1015.2,1015.3,1015.0,2.6,153,10.1,2141.,0.0
A301,18/07/2019,06,21.2,21.3,21.0,93,93,93,20.0,20.1,19.7,1015.8,1016.0,1015.8,0.8,230,4.4,-3.54,0.0
A301,18/07/2019,16,28.3,29.0,28.3,55,58,51,18.4,19.6,17.6,1015.9,1016.8,1015.8,3.3,141,9.1,2999.,0.0
A301,18/07/2019,07,20.9,21.2,20.9,93,93,92,19.7,20.0,19.7,1015.9,1015.9,1015.8,0.6,87,2.3,-3.24,0.2
A301,18/07/2019,23,25.4,25.5,24.0,68,74,68,19.0,19.5,19.0,1017.1,1017.1,1016.5,2.1,153,5.7,-3.51,0.0
A301,19/07/2019,06,22.8,22.8,22.4,92,92,92,21.5,21.5,21.0,1016.2,1016.2,1015.9,2.0,159,5.2,-1.23,2.4
A301,19/07/2019,00,24.5,25.4,24.5,74,74,67,19.5,19.5,18.6,1017.7,1017.7,1017.1,1.2,142,5.6,-3.45,0.0
A301,19/07/2019,01,22.6,24.5,22.5,89,89,74,20.6,20.6,19.4,1017.3,1017.8,1017.3,0.7,302,5.6,-3.47,2.8
A301,19/07/2019,02,22.0,22.6,22.0,91,91,89,20.4,20.8,20.3,1017.1,1017.5,1017.1,0.6,281,1.8,-3.31,0.8
A301,19/07/2019,03,21.7,22.0,21.6,91,91,90,20.2,20.4,20.1,1017.0,1017.2,1016.9,0.6,76,2.0,-2.39,3.8
A301,19/07/2019,04,21.9,21.9,21.6,92,92,91,20.5,20.5,20.1,1016.6,1017.1,1016.6,0.5,227,1.8,-1.88,1.2
A301,19/07/2019,05,22.4,22.4,21.9,92,92,92,21.0,21.1,20.6,1016.2,1016.7,1016.2,0.9,188,4.1,-1.98,0.2
A301,19/07/2019,07,22.5,22.9,22.5,92,92,92,21.2,21.5,21.1,1016.3,1016.3,1016.2,0.7,202,5.2,-1.29,0.2
A301,19/07/2019,08,22.3,22.5,22.3,92,92,92,21.0,21.2,21.0,1016.3,1016.4,1016.2,0.9,184,2.9,-2.18,0.0
A301,19/07/2019,09,22.6,22.6,22.2,93,93,92,21.4,21.4,20.9,1016.7,1016.7,1016.2,0.4,220,3.8,24.55,3.4
A301,19/07/2019,10,23.4,23.4,22.5,93,93,92,22.2,22.2,21.2,1017.0,1017.1,1016.6,0.9,186,3.3,294.2,1.6
A301,19/07/2019,11,23.7,24.7,23.4,90,93,89,21.9,23.3,21.9,1017.7,1017.8,1017.0,2.6,134,7.4,559.0,0.6
A301,19/07/2019,12,26.4,26.7,23.7,82,92,82,23.0,23.9,22.0,1017.7,1017.8,1017.7,2.4,131,7.2,1616.,0.0
A301,19/07/2019,13,25.9,27.4,25.7,76,83,72,21.4,23.5,20.9,1017.6,1017.8,1017.6,2.3,128,7.3,1775.,0.0
A301,19/07/2019,14,26.5,27.3,24.9,78,84,73,22.4,23.7,20.9,1017.2,1017.7,1017.2,2.4,142,7.4,1707.,0.4
A301,19/07/2019,15,24.2,27.6,24.1,85,88,77,21.6,24.9,20.7,1016.8,1017.4,1016.8,3.3,123,8.4,1573.,4.8
A301,19/07/2019,16,25.0,26.3,24.2,88,89,85,22.8,24.2,21.7,1015.8,1016.8,1015.8,1.4,107,8.4,1512.,1.0
A301,19/07/2019,17,26.8,27.2,24.9,77,88,77,22.4,23.5,22.2,1015.3,1015.8,1015.3,2.9,157,8.9,1453.,0.0
A301,19/07/2019,18,26.9,27.2,26.0,72,78,71,21.3,22.5,21.3,1015.1,1015.3,1015.1,2.9,138,8.8,1617.,0.0
A301,19/07/2019,19,26.5,27.0,26.3,74,74,70,21.4,21.8,20.7,1015.3,1015.3,1015.1,2.3,140,8.7,1151.,0.0
A301,19/07/2019,20,25.3,26.6,25.2,79,79,73,21.4,21.5,21.0,1015.7,1015.7,1015.3,1.7,134,7.4,270.6,0.0
A301,19/07/2019,21,24.9,25.3,24.6,80,81,78,21.3,21.5,20.8,1015.8,1015.8,1015.6,2.2,152,7.5,5.934,0.0
A301,19/07/2019,22,24.3,24.9,24.3,82,82,80,21.1,21.3,20.9,1016.0,1016.0,1015.8,2.0,150,7.5,-3.54,0.0
A301,19/07/2019,23,24.2,24.5,24.1,84,84,82,21.3,21.6,21.1,1016.6,1016.6,1016.0,2.0,145,7.3,-3.45,0.0
A301,20/07/2019,14,25.8,26.3,23.7,83,89,81,22.7,23.7,21.0,1016.9,1017.3,1016.9,2.2,114,7.2,1421.,0.6
A301,20/07/2019,02,23.3,24.7,23.3,86,86,80,20.8,21.2,20.7,1016.5,1016.6,1016.4,2.1,137,7.3,-3.50,0.2
A301,20/07/2019,01,24.6,24.8,24.4,80,82,80,21.0,21.5,20.9,1016.6,1016.7,1016.6,1.7,136,6.2,-3.54,0.0
A301,20/07/2019,00,24.6,24.7,24.2,81,84,81,21.0,21.4,21.0,1016.7,1016.7,1016.5,2.1,145,5.7,-2.99,0.0
A301,20/07/2019,23,21.7,21.9,21.6,92,92,91,20.3,20.4,20.2,1016.2,1016.5,1016.1,0.2,235,4.9,-2.14,1.4
A301,20/07/2019,09,22.9,23.2,22.8,91,91,90,21.4,21.5,21.1,1015.7,1015.7,1015.5,0.4,198,6.5,19.18,0.8
A301,20/07/2019,16,22.6,25.6,22.5,88,88,82,20.5,22.9,20.1,1016.0,1016.3,1015.8,1.9,97,12.5,941.3,3.2
A301,20/07/2019,17,24.6,24.6,22.6,88,90,87,22.4,22.6,20.6,1015.2,1016.1,1015.2,1.1,111,7.5,994.9,0.8
A301,20/07/2019,10,23.8,24.1,22.9,89,91,88,21.9,22.3,21.4,1016.2,1016.2,1015.6,1.9,147,8.4,279.5,0.8
A301,20/07/2019,21,22.9,23.5,22.9,90,91,90,21.2,22.0,21.2,1015.4,1015.5,1015.3,1.2,169,6.0,5.515,0.0
A301,20/07/2019,11,25.1,25.2,23.7,86,90,85,22.6,22.7,21.8,1016.9,1016.9,1016.2,2.7,119,6.7,770.9,0.0
A301,20/07/2019,18,23.4,25.2,23.1,89,89,85,21.4,23.0,21.0,1015.2,1015.2,1015.0,1.4,135,4.5,587.1,1.0
A301,20/07/2019,12,24.5,25.8,23.9,87,88,81,22.2,22.9,21.4,1017.2,1017.3,1016.8,2.7,107,8.8,926.5,0.8
A301,20/07/2019,19,23.6,23.8,23.3,90,90,89,21.9,22.1,21.3,1015.0,1015.2,1014.8,1.3,126,3.5,314.4,1.6
A301,20/07/2019,20,23.5,23.7,23.3,91,91,90,21.9,21.9,21.7,1015.3,1015.3,1014.9,0.5,192,2.9,140.1,0.0
A301,20/07/2019,13,24.4,26.7,24.4,80,87,78,20.8,23.2,20.8,1017.1,1017.3,1017.0,2.9,92,8.4,1518.,0.2
A301,20/07/2019,22,21.7,22.9,21.7,91,91,90,20.3,21.2,20.2,1016.4,1016.4,1015.4,1.7,104,6.1,-2.23,4.8
A301,20/07/2019,15,25.3,26.7,25.0,84,84,77,22.3,23.2,21.6,1016.3,1016.9,1016.2,2.2,120,6.6,1401.,0.0
A301,20/07/2019,07,22.8,23.2,22.8,90,90,90,21.1,21.5,21.1,1015.4,1015.4,1015.0,1.5,155,7.0,-3.53,0.4
A301,20/07/2019,06,23.2,23.3,22.9,90,90,90,21.4,21.5,21.2,1015.1,1015.3,1015.1,1.4,144,7.8,-3.26,0.2
A301,20/07/2019,08,23.1,23.2,22.6,91,91,90,21.5,21.6,21.0,1015.6,1015.6,1015.4,2.2,124,6.1,-3.20,2.0
A301,20/07/2019,05,22.9,23.3,22.9,90,90,88,21.1,21.4,20.9,1015.3,1015.6,1015.3,0.7,202,6.0,-3.40,1.0
A301,20/07/2019,04,23.2,23.4,23.0,90,90,88,21.5,21.5,21.2,1015.6,1016.2,1015.6,1.3,124,8.8,-3.41,0.4
A301,20/07/2019,03,23.4,23.9,23.2,88,88,86,21.4,21.5,20.8,1016.1,1016.5,1016.1,1.0,124,7.3,-3.53,0.4
A301,21/07/2019,11,24.8,25.0,22.5,92,93,92,23.3,23.6,21.4,1015.8,1015.8,1015.4,1.0,139,6.5,776.8,0.6
A301,21/07/2019,19,26.1,27.5,26.0,68,69,65,19.6,20.8,19.5,1014.2,1014.3,1014.1,2.9,144,8.9,927.6,0.0
A301,21/07/2019,22,24.7,24.9,24.1,75,78,72,19.9,20.2,19.5,1015.0,1015.0,1014.7,2.2,145,6.4,-3.53,0.0
A301,21/07/2019,08,22.2,22.3,22.0,93,94,93,21.1,21.2,20.9,1014.4,1014.5,1014.3,0.2,232,5.4,-1.57,2.6
A301,21/07/2019,01,21.8,21.8,21.6,93,93,92,20.5,20.6,20.4,1016.0,1016.3,1016.0,0.8,236,2.1,-1.55,0.2
A301,21/07/2019,23,24.7,24.9,24.4,73,75,73,19.6,19.8,19.4,1015.4,1015.4,1015.0,1.6,148,6.4,-3.42,0.0
A301,21/07/2019,00,21.7,21.8,21.6,92,92,92,20.4,20.5,20.2,1016.2,1016.3,1016.2,0.4,269,1.0,-2.86,0.0
A301,21/07/2019,18,26.2,27.9,26.2,67,71,64,19.5,21.3,19.5,1014.2,1014.4,1014.2,3.2,143,8.4,1372.,0.0
A301,21/07/2019,16,26.6,28.5,26.6,72,72,66,21.1,22.0,20.7,1014.7,1015.4,1014.7,2.7,130,9.1,2175.,0.0
A301,21/07/2019,17,27.4,28.0,25.5,66,79,65,20.6,22.7,20.6,1014.3,1014.7,1014.3,3.1,132,8.4,2067.,0.2
A301,21/07/2019,15,27.9,28.5,25.9,68,73,66,21.5,22.6,19.8,1015.4,1015.8,1015.4,3.3,123,10.0,2683.,0.0
A301,21/07/2019,10,22.5,23.7,22.4,93,93,92,21.3,22.5,21.1,1015.4,1015.4,1014.6,2.1,114,7.3,237.2,5.0
A301,21/07/2019,14,27.7,28.3,26.2,69,84,69,21.6,24.5,21.6,1015.7,1016.0,1015.7,3.6,122,8.9,2498.,0.0
A301,21/07/2019,20,25.3,26.3,25.0,69,69,68,19.2,20.0,19.1,1014.5,1014.5,1014.2,2.3,148,8.3,254.2,0.0
A301,21/07/2019,02,21.9,22.1,21.7,93,93,93,20.7,20.9,20.5,1016.0,1016.3,1016.0,0.4,245,3.3,-2.39,0.2
A301,21/07/2019,06,22.0,22.2,21.9,93,93,93,20.9,21.0,20.8,1014.0,1014.5,1014.0,0.6,271,2.0,-2.71,0.4
A301,21/07/2019,04,22.3,22.3,22.0,93,93,93,21.1,21.1,20.8,1014.8,1015.5,1014.8,0.8,197,2.1,-1.16,2.0
A301,21/07/2019,09,22.8,22.8,22.2,93,94,93,21.6,21.6,21.1,1014.6,1014.6,1014.3,0.9,105,4.3,11.84,0.0
A301,21/07/2019,03,22.0,22.0,21.9,93,93,93,20.8,20.8,20.7,1015.5,1016.1,1015.5,0.7,250,1.6,-1.68,0.0
A301,21/07/2019,21,24.6,25.3,24.4,73,73,68,19.6,19.6,18.9,1014.7,1014.7,1014.4,1.6,153,8.2,7.159,0.0
A301,21/07/2019,07,22.0,22.0,21.8,94,94,93,20.9,20.9,20.7,1014.3,1014.3,1013.8,1.4,160,5.1,-2.96,3.6
A301,21/07/2019,12,23.5,25.2,23.1,91,92,88,21.9,23.7,21.3,1016.3,1016.5,1015.8,1.8,118,8.4,790.1,1.0
A301,21/07/2019,05,22.2,22.3,22.0,93,93,93,21.0,21.1,20.8,1014.4,1014.8,1014.4,0.4,301,2.9,-2.33,0.2
A301,21/07/2019,13,27.0,27.0,23.5,85,92,85,24.2,24.4,22.0,1016.0,1016.3,1016.0,2.7,111,7.3,1472.,0.0
A301,22/07/2019,17,25.2,25.9,22.9,88,92,87,23.0,24.0,21.4,1013.7,1014.7,1013.7,3.0,133,8.7,1298.,1.8
A301,22/07/2019,00,24.9,24.9,24.6,74,76,73,20.0,20.2,19.5,1015.8,1015.8,1015.4,1.9,153,6.3,-3.41,0.0
A301,22/07/2019,01,24.6,25.0,24.5,75,75,74,19.9,20.1,19.7,1016.0,1016.0,1015.8,1.6,160,5.8,-3.53,0.0
A301,22/07/2019,02,23.1,24.6,23.1,81,81,75,19.7,20.0,19.6,1015.9,1016.0,1015.8,0.7,243,3.5,-3.54,0.0
A301,22/07/2019,03,22.7,23.1,22.7,85,85,81,20.2,20.2,19.7,1015.4,1015.8,1015.3,0.7,225,2.4,-3.11,0.0
A301,22/07/2019,04,21.9,22.8,21.9,89,89,85,20.0,20.5,20.0,1015.5,1015.7,1015.4,1.7,169,5.5,-2.84,2.0
A301,22/07/2019,05,21.7,21.9,21.6,90,91,89,20.1,20.2,20.0,1015.3,1015.5,1015.1,2.7,147,7.6,-2.13,1.6
A301,22/07/2019,06,22.0,22.0,21.3,91,92,90,20.5,20.5,19.7,1015.0,1015.3,1014.9,2.3,147,7.6,-2.40,0.6
A301,22/07/2019,07,21.5,22.0,21.4,92,92,91,20.2,20.4,19.9,1014.6,1015.0,1014.6,1.3,202,6.2,-1.77,1.4
A301,22/07/2019,08,21.5,21.7,21.5,92,92,92,20.2,20.4,20.2,1014.8,1014.8,1014.5,0.9,204,4.9,-1.21,2.4
A301,22/07/2019,09,21.6,21.6,21.4,92,92,92,20.3,20.3,20.1,1014.6,1014.8,1014.4,1.0,205,4.8,9.467,2.2
A301,22/07/2019,10,22.4,22.4,21.6,93,93,92,21.2,21.2,20.3,1015.0,1015.0,1014.6,1.1,195,3.4,120.5,0.2
A301,22/07/2019,11,23.3,23.5,22.4,92,93,92,21.9,22.2,21.1,1015.8,1015.9,1014.9,2.6,143,8.5,347.3,5.4
A301,22/07/2019,12,23.4,23.7,23.1,91,92,91,21.9,22.4,21.5,1016.4,1016.4,1015.8,3.0,121,10.5,649.0,3.8
A301,22/07/2019,13,23.6,24.0,23.1,92,92,91,22.2,22.5,21.6,1016.2,1016.5,1016.1,2.3,108,8.9,821.3,5.4
A301,22/07/2019,14,24.7,25.1,23.4,90,93,89,23.0,23.8,21.8,1015.7,1016.3,1015.7,1.7,138,10.1,1684.,1.0
A301,22/07/2019,15,23.2,25.1,22.9,92,92,88,21.8,23.4,21.4,1015.4,1015.6,1015.3,3.0,105,9.1,772.1,11.8
A301,22/07/2019,16,23.0,24.6,22.9,91,92,89,21.4,23.0,21.3,1014.7,1015.4,1014.5,3.5,111,9.1,1010.,5.0
A301,22/07/2019,18,24.9,26.2,23.8,87,89,84,22.6,23.8,21.5,1013.4,1013.8,1013.4,1.9,118,8.4,1460.,0.6
A301,22/07/2019,19,24.8,25.1,24.4,85,87,85,22.1,22.8,21.8,1013.6,1013.7,1013.4,1.6,114,6.5,495.9,0.0
A301,22/07/2019,20,23.4,24.9,23.4,88,88,83,21.4,22.2,21.2,1014.0,1014.1,1013.6,2.1,98,7.9,194.0,0.6
A301,22/07/2019,21,23.2,23.5,23.2,89,89,88,21.3,21.5,21.3,1014.3,1014.4,1014.0,0.8,150,8.2,3.593,0.6
A301,22/07/2019,22,23.6,23.7,23.1,89,90,89,21.8,21.8,21.3,1014.5,1014.6,1014.3,1.4,122,6.7,-3.39,0.6
A301,22/07/2019,23,23.7,23.9,23.5,89,90,89,21.8,22.0,21.7,1015.4,1015.4,1014.5,2.3,128,6.0,-3.54,0.8
A301,23/07/2019,12,23.1,23.9,22.8,91,93,90,21.6,22.5,21.5,1017.0,1017.0,1016.3,2.3,130,6.6,921.8,0.2
A301,23/07/2019,13,26.5,26.9,23.1,85,92,85,23.8,24.6,21.6,1016.4,1017.0,1016.4,1.7,111,5.9,1890.,0.2
A301,23/07/2019,07,22.1,22.5,22.1,92,92,92,20.8,21.2,20.8,1015.2,1015.2,1014.7,1.2,76,6.9,-1.79,1.2
A301,23/07/2019,16,27.1,27.8,26.8,72,73,67,21.5,21.8,20.6,1014.4,1015.1,1014.4,2.3,103,6.7,2056.,0.0
A301,23/07/2019,14,25.9,27.8,24.4,84,87,78,22.9,25.1,21.6,1015.9,1016.4,1015.9,2.6,127,8.2,2007.,0.2
A301,23/07/2019,15,27.3,27.6,25.4,70,84,70,21.4,23.9,20.9,1015.1,1015.9,1015.1,2.7,127,7.9,2825.,0.2
A301,23/07/2019,23,22.7,22.7,22.6,91,91,90,21.2,21.2,21.0,1015.3,1015.3,1014.7,0.3,214,2.7,-1.19,5.0
A301,23/07/2019,22,22.7,24.0,22.6,90,90,83,21.0,21.0,20.7,1014.7,1014.7,1014.4,0.4,200,8.5,-2.24,3.2
A301,23/07/2019,21,24.0,24.5,23.9,83,84,82,21.0,21.3,21.0,1014.4,1014.4,1014.1,1.4,139,5.2,8.407,0.0
A301,23/07/2019,20,24.4,25.1,24.2,82,83,81,21.1,21.9,21.0,1014.1,1014.1,1013.8,2.2,131,6.0,253.9,0.0
A301,23/07/2019,08,21.7,22.3,21.7,92,92,92,20.4,20.9,20.4,1015.1,1015.5,1015.1,1.8,150,7.1,-1.57,4.6
A301,23/07/2019,09,21.6,21.7,21.5,92,92,92,20.3,20.4,20.3,1015.5,1015.5,1015.1,0.7,188,4.9,28.92,0.2
A301,23/07/2019,00,23.3,24.0,23.3,88,89,88,21.2,21.9,21.2,1015.8,1015.8,1015.4,2.8,113,8.0,-3.53,0.4
A301,23/07/2019,03,23.0,23.4,22.8,91,91,89,21.4,21.5,21.2,1015.6,1015.8,1015.5,1.7,152,6.1,-2.21,3.6
A301,23/07/2019,01,23.7,23.7,23.0,88,90,88,21.6,21.7,21.1,1015.7,1015.8,1015.6,1.9,128,7.3,-3.53,0.2
A301,23/07/2019,19,25.1,25.7,24.8,81,88,80,21.6,23.4,21.6,1013.8,1013.8,1013.6,2.7,125,6.5,937.7,0.0
A301,23/07/2019,06,22.1,22.1,21.8,92,92,91,20.8,20.8,20.4,1014.8,1014.8,1014.4,1.2,113,3.1,-2.69,1.2
A301,23/07/2019,04,22.2,23.1,22.2,91,91,91,20.8,21.5,20.8,1015.5,1015.6,1015.3,1.9,140,8.2,-1.51,4.8
A301,23/07/2019,05,22.1,22.3,22.1,91,92,91,20.6,20.9,20.6,1014.8,1015.5,1014.7,0.5,172,5.2,-2.67,0.2
A301,23/07/2019,10,22.0,22.0,21.6,93,93,92,20.7,20.7,20.4,1016.2,1016.2,1015.5,0.4,88,2.0,168.6,0.0
A301,23/07/2019,18,24.8,24.8,23.5,88,89,86,22.6,22.8,21.2,1013.7,1014.0,1013.7,2.3,113,6.8,822.8,2.8
A301,23/07/2019,11,22.8,22.8,21.7,92,93,92,21.5,21.6,20.4,1016.3,1016.8,1016.2,1.1,170,5.5,378.5,8.6
A301,23/07/2019,02,23.4,23.8,23.4,89,89,88,21.5,21.7,21.3,1015.7,1015.7,1015.6,1.8,152,6.4,-2.85,0.0
A301,23/07/2019,17,23.5,27.1,23.3,86,86,71,21.1,22.1,19.9,1014.0,1014.4,1013.9,1.2,142,7.7,981.4,1.8
A301,24/07/2019,04,21.6,21.8,21.6,93,93,93,20.4,20.6,20.4,1014.5,1014.8,1014.4,0.8,148,5.8,-1.19,1.2
A301,24/07/2019,23,21.8,22.3,21.8,92,92,92,20.5,20.8,20.5,1015.7,1015.8,1014.4,1.2,204,7.8,-2.61,4.4
A301,24/07/2019,02,22.2,22.4,22.2,92,92,92,20.9,21.1,20.9,1014.9,1015.3,1014.9,1.2,236,3.1,-0.81,6.8
A301,24/07/2019,05,21.6,21.6,21.5,93,93,93,20.4,20.5,20.3,1014.2,1014.5,1014.2,0.7,150,5.3,-1.54,8.2
A301,24/07/2019,06,21.5,21.6,21.5,93,93,93,20.4,20.5,20.4,1014.1,1014.2,1013.8,1.1,157,2.7,-1.67,9.4
A301,24/07/2019,07,21.3,21.6,21.3,93,93,93,20.1,20.4,20.1,1014.3,1014.4,1013.9,0.7,117,3.8,-1.81,15.0
A301,24/07/2019,08,21.3,21.4,21.2,93,93,93,20.2,20.3,20.1,1014.3,1014.6,1014.2,1.3,215,4.2,-1.06,6.6
A301,24/07/2019,09,20.6,21.3,20.6,93,93,93,19.5,20.2,19.5,1014.7,1014.7,1014.3,0.8,202,5.8,3.761,6.2
A301,24/07/2019,10,21.7,21.7,20.6,94,94,93,20.6,20.6,19.5,1015.2,1015.2,1014.7,1.2,200,5.2,94.63,4.0
A301,24/07/2019,11,21.6,22.1,21.5,93,94,93,20.4,21.0,20.3,1015.9,1015.9,1015.2,1.6,172,7.9,260.8,1.6
A301,24/07/2019,13,22.9,22.9,22.0,93,93,93,21.7,21.7,20.8,1016.1,1016.4,1016.1,1.1,152,7.6,857.3,1.6
A301,24/07/2019,12,22.2,22.2,21.6,93,94,93,21.1,21.1,20.4,1016.2,1016.2,1015.9,1.8,173,6.0,640.5,2.2
A301,24/07/2019,14,23.0,24.5,22.9,90,93,89,21.3,23.1,21.2,1015.9,1016.1,1015.9,2.5,139,6.7,1296.,0.2
A301,24/07/2019,15,23.8,24.6,22.7,90,92,89,22.1,23.0,21.1,1015.1,1015.9,1015.1,1.6,129,5.9,1484.,0.6
A301,24/07/2019,16,23.0,23.7,22.7,91,92,89,21.4,22.1,21.1,1014.4,1015.1,1014.4,2.3,134,7.0,825.5,1.0
A301,24/07/2019,00,22.6,22.8,22.5,92,92,91,21.2,21.3,21.1,1015.3,1015.5,1015.3,0.8,214,2.7,-1.21,1.8
A301,24/07/2019,18,24.8,24.8,23.9,85,89,83,22.1,22.5,21.5,1013.7,1013.8,1013.6,1.1,138,5.9,1207.,0.0
A301,24/07/2019,01,22.4,22.6,22.4,92,92,92,21.1,21.3,21.1,1015.2,1015.4,1015.1,0.8,199,3.1,-0.64,0.6
A301,24/07/2019,19,23.6,24.8,23.6,84,85,82,20.9,22.0,20.9,1014.2,1014.2,1013.6,1.5,128,4.5,532.6,0.0
A301,24/07/2019,17,23.9,24.1,23.0,89,92,89,22.0,22.4,21.4,1013.8,1014.4,1013.8,1.9,146,8.1,1260.,0.4
A301,24/07/2019,20,22.7,23.6,22.7,89,89,84,20.7,20.9,20.6,1014.3,1014.5,1014.2,0.4,220,4.5,191.7,0.2
A301,24/07/2019,03,21.8,22.2,21.8,93,93,92,20.6,20.9,20.6,1014.8,1015.2,1014.8,1.3,211,3.5,-1.33,11.8
A301,24/07/2019,21,22.5,22.7,22.4,91,91,89,20.9,20.9,20.7,1014.3,1014.3,1014.0,0.6,258,1.2,9.940,0.0
A301,24/07/2019,22,22.2,22.5,22.1,92,92,91,20.8,21.0,20.7,1014.4,1014.4,1014.3,0.8,313,1.6,-2.47,0.0
A301,25/07/2019,11,24.7,24.9,21.6,91,94,90,23.1,23.6,20.5,1015.7,1015.7,1014.9,0.8,210,2.7,1030.,0.0
A301,25/07/2019,17,26.3,27.9,25.4,73,77,68,21.2,22.4,20.3,1014.0,1014.2,1013.8,3.3,131,9.7,1914.,0.0
A301,25/07/2019,15,27.0,27.1,23.3,78,88,71,22.8,23.9,19.9,1014.8,1015.6,1014.7,3.2,129,7.8,1746.,4.4
A301,25/07/2019,20,24.9,25.8,24.9,79,79,74,21.0,21.3,20.7,1014.6,1014.6,1014.2,1.6,139,6.3,242.7,0.0
A301,25/07/2019,21,23.9,25.0,23.7,82,82,78,20.6,21.2,20.3,1014.8,1014.8,1014.6,1.0,140,5.8,15.92,0.0
A301,25/07/2019,08,21.0,21.3,21.0,93,93,93,19.8,20.2,19.8,1014.2,1014.2,1014.0,0.5,34,2.0,-2.58,0.0
A301,25/07/2019,12,25.6,26.8,24.5,82,91,79,22.2,24.1,22.2,1015.7,1015.7,1015.6,2.3,137,5.8,1634.,0.0
A301,25/07/2019,18,25.9,27.0,25.9,75,75,69,21.1,21.7,20.3,1014.0,1014.0,1013.9,3.0,130,7.8,1329.,0.0
A301,25/07/2019,22,22.5,24.2,22.5,87,87,82,20.3,21.1,20.3,1015.4,1015.5,1014.8,1.6,182,11.1,-3.52,0.6
A301,25/07/2019,04,21.4,21.4,21.2,93,93,93,20.2,20.3,20.0,1013.9,1015.0,1013.9,0.4,115,4.2,-1.85,1.0
A301,25/07/2019,05,21.3,21.4,21.1,93,93,93,20.1,20.2,19.9,1013.8,1013.9,1013.7,1.0,227,3.4,-1.35,0.0
A301,25/07/2019,03,21.3,21.5,21.3,93,93,93,20.1,20.3,20.1,1014.9,1015.4,1014.9,0.8,232,2.7,-1.96,0.4
A301,25/07/2019,02,21.5,21.5,21.3,93,93,93,20.3,20.3,20.1,1015.4,1015.6,1015.2,0.3,239,1.5,-1.88,0.4
A301,25/07/2019,06,21.3,21.3,21.3,93,93,93,20.2,20.2,20.1,1013.6,1013.8,1013.5,0.7,222,2.6,-1.92,0.0
A301,25/07/2019,23,21.8,22.5,21.7,89,89,87,19.9,20.3,19.6,1016.1,1016.1,1015.4,0.8,200,4.2,-3.54,0.0
A301,25/07/2019,00,21.3,21.8,21.3,92,92,92,20.1,20.5,20.0,1015.4,1015.7,1015.4,0.6,250,4.4,-2.80,2.2
A301,25/07/2019,10,21.7,21.7,20.5,94,94,93,20.6,20.6,19.4,1014.9,1014.9,1014.3,0.3,162,1.3,253.4,0.0
A301,25/07/2019,01,21.3,21.4,21.3,93,93,92,20.1,20.2,20.0,1015.2,1015.5,1015.2,0.5,319,2.4,-1.44,0.2
A301,25/07/2019,19,25.8,26.9,25.8,74,76,70,20.9,21.6,20.4,1014.2,1014.2,1013.9,2.4,119,6.9,1129.,0.0
A301,25/07/2019,14,27.0,27.8,25.3,71,78,71,21.3,22.5,20.4,1015.4,1015.7,1015.4,2.2,129,10.6,2588.,0.0
A301,25/07/2019,09,20.5,21.0,20.5,93,93,93,19.4,19.8,19.4,1014.4,1014.4,1014.2,0.3,184,2.2,12.19,0.0
A301,25/07/2019,13,26.2,27.4,25.4,78,82,72,22.1,23.2,20.9,1015.5,1015.7,1015.5,2.5,119,8.5,2224.,0.2
A301,25/07/2019,16,27.3,27.5,24.3,69,80,69,21.2,23.1,19.7,1014.2,1014.8,1014.2,3.4,140,9.0,2585.,0.0
A301,25/07/2019,07,21.3,21.4,21.2,93,93,93,20.2,20.2,20.1,1014.0,1014.0,1013.6,0.5,234,2.9,-2.41,0.4
A301,26/07/2019,06,21.5,21.6,21.3,92,92,92,20.2,20.3,19.9,1015.0,1015.1,1014.8,0.7,187,3.5,-2.67,0.2
A301,26/07/2019,03,21.9,22.5,21.8,91,91,90,20.4,20.9,20.2,1016.0,1016.7,1016.0,1.2,165,6.3,-3.01,1.2
A301,26/07/2019,01,22.3,22.4,21.9,91,91,89,20.7,20.7,20.1,1016.6,1016.6,1016.2,1.0,188,5.0,-2.54,0.0
A301,26/07/2019,04,22.0,22.1,21.5,91,92,91,20.5,20.6,20.0,1015.7,1016.0,1015.4,2.0,173,5.6,-3.44,0.4
A301,26/07/2019,02,22.0,22.4,21.9,91,91,91,20.5,20.8,20.4,1016.5,1016.6,1016.4,0.7,218,6.0,-2.63,0.0
A301,26/07/2019,05,21.3,22.0,21.3,92,92,91,19.9,20.5,19.9,1014.9,1015.7,1014.9,0.6,282,5.6,-3.15,0.2
A301,26/07/2019,11,23.9,24.0,22.6,91,93,91,22.4,22.5,21.1,1017.3,1017.3,1016.5,0.7,252,3.6,748.3,1.4
A301,26/07/2019,12,25.5,25.8,23.8,88,92,86,23.3,23.9,21.9,1017.6,1017.9,1017.3,1.3,211,4.0,1627.,0.6
A301,26/07/2019,07,21.4,21.6,21.1,93,93,92,20.2,20.3,19.8,1015.6,1015.6,1015.0,0.8,188,2.5,-3.12,1.2
A301,26/07/2019,08,21.8,21.8,21.5,93,93,92,20.5,20.6,20.3,1015.9,1015.9,1015.5,1.0,180,3.4,-2.61,1.0
A301,26/07/2019,09,21.8,21.8,21.7,93,93,92,20.5,20.5,20.4,1016.3,1016.3,1015.8,1.0,100,2.8,10.95,0.2
A301,26/07/2019,10,23.2,23.2,21.8,92,93,92,21.8,21.8,20.5,1016.5,1016.5,1016.1,1.1,226,3.7,452.0,0.6
A301,26/07/2019,13,26.8,26.9,24.6,82,88,82,23.5,23.9,21.6,1017.1,1017.6,1017.1,1.6,158,5.9,1802.,0.2
A301,26/07/2019,14,28.0,28.0,25.7,71,82,71,22.2,23.2,21.1,1016.7,1017.1,1016.7,3.3,105,8.3,1982.,0.0
A301,26/07/2019,16,26.6,28.2,24.5,76,83,67,22.1,22.8,19.3,1015.3,1016.2,1015.3,2.5,131,8.0,1405.,0.4
A301,26/07/2019,15,28.2,28.6,27.2,66,71,66,21.4,22.4,20.7,1016.2,1016.7,1016.2,2.5,116,8.0,2915.,0.0
A301,26/07/2019,19,23.5,25.4,23.5,84,84,79,20.7,21.7,20.7,1015.6,1015.7,1015.1,2.3,175,6.5,615.7,0.0
A301,26/07/2019,18,25.2,26.8,25.2,79,80,76,21.3,22.8,21.2,1015.1,1015.1,1014.9,2.0,163,8.1,1632.,0.2
A301,26/07/2019,17,25.5,26.8,25.2,79,80,75,21.5,22.3,21.1,1015.1,1015.3,1015.0,2.5,159,6.9,1057.,0.0
A301,26/07/2019,20,23.1,23.5,23.0,89,89,84,21.1,21.1,20.6,1015.9,1015.9,1015.6,0.6,186,5.6,130.7,0.4
A301,26/07/2019,21,22.6,23.1,22.6,90,90,89,21.0,21.2,20.9,1016.4,1016.4,1015.9,1.1,208,3.7,4.277,0.8
A301,26/07/2019,22,22.2,22.7,22.2,91,91,90,20.7,21.0,20.6,1016.9,1016.9,1016.4,0.6,256,3.7,-3.21,0.2
A301,26/07/2019,23,22.2,22.3,22.1,91,91,91,20.8,20.8,20.6,1017.4,1017.4,1016.9,0.8,190,3.1,-2.88,1.2
A301,26/07/2019,00,22.4,22.5,21.8,89,90,89,20.4,20.6,19.9,1016.2,1016.6,1016.1,1.4,180,5.9,-3.33,0.4
A301,27/07/2019,00,22.0,22.2,22.0,92,92,91,20.6,20.8,20.6,1017.6,1017.6,1017.4,0.6,232,3.3,-2.90,0.4
A301,27/07/2019,17,26.4,27.2,26.2,77,79,75,22.0,22.7,21.8,1014.9,1015.5,1014.8,2.7,126,7.8,1270.,0.0
A301,27/07/2019,02,22.1,22.1,21.9,92,92,92,20.8,20.8,20.6,1017.4,1018.0,1017.4,0.6,242,6.1,-2.68,0.2
A301,27/07/2019,16,26.8,26.8,25.8,79,81,77,22.8,22.8,21.9,1015.5,1016.6,1015.5,1.8,139,5.4,1350.,0.0
A301,27/07/2019,14,24.0,26.5,23.8,86,86,79,21.6,22.7,21.0,1017.4,1017.8,1017.4,1.5,142,8.0,1392.,0.4
A301,27/07/2019,15,26.1,26.1,24.0,81,88,81,22.6,23.1,21.8,1016.6,1017.4,1016.6,1.6,162,5.6,1702.,0.0
A301,27/07/2019,08,21.3,21.4,21.3,93,93,93,20.1,20.2,20.1,1016.4,1016.4,1016.2,0.7,223,2.7,-3.05,0.0
A301,27/07/2019,01,22.0,22.1,21.9,92,92,92,20.6,20.7,20.5,1018.0,1018.0,1017.6,1.3,188,6.1,-2.95,1.0
A301,27/07/2019,09,21.5,21.5,21.3,93,93,93,20.3,20.3,20.1,1016.8,1016.8,1016.4,0.5,98,2.7,13.66,1.6
A301,27/07/2019,03,21.9,22.1,21.8,93,93,92,20.6,20.8,20.5,1016.9,1017.5,1016.9,0.8,226,2.4,-3.00,0.0
A301,27/07/2019,05,21.5,21.8,21.5,93,93,93,20.3,20.6,20.3,1016.2,1016.6,1016.2,0.8,257,4.0,-2.35,0.8
A301,27/07/2019,04,21.8,21.9,21.8,93,93,93,20.6,20.7,20.6,1016.5,1016.9,1016.5,0.7,241,2.8,-3.06,1.6
A301,27/07/2019,12,26.2,26.2,23.9,89,92,89,24.3,24.3,22.3,1017.7,1017.7,1017.6,1.5,138,5.1,992.8,0.0
A301,27/07/2019,23,23.1,23.1,22.9,91,91,91,21.6,21.6,21.4,1016.7,1016.7,1016.2,1.0,115,4.2,-2.22,0.0
A301,27/07/2019,22,23.0,23.3,23.0,91,91,91,21.5,21.8,21.4,1016.2,1016.2,1015.7,1.2,160,7.7,-1.62,1.0
A301,27/07/2019,21,23.1,23.1,22.7,91,91,91,21.7,21.7,21.1,1015.7,1015.7,1015.5,1.7,157,5.5,2.640,4.6
A301,27/07/2019,10,22.4,22.4,21.3,93,93,93,21.2,21.2,20.2,1017.0,1017.0,1016.7,0.8,234,3.1,367.8,1.2
A301,27/07/2019,20,22.7,23.6,22.7,91,91,89,21.1,21.7,21.0,1015.5,1015.6,1015.2,1.4,160,7.1,99.69,5.4
A301,27/07/2019,07,21.4,21.4,21.3,93,93,93,20.2,20.3,20.1,1016.4,1016.4,1016.0,0.8,226,2.5,-3.01,0.0
A301,27/07/2019,06,21.3,21.5,21.3,93,93,93,20.2,20.3,20.1,1016.1,1016.2,1016.0,0.6,218,2.6,-3.51,0.0
A301,27/07/2019,13,26.5,27.4,26.2,80,89,77,22.8,24.9,22.2,1017.7,1017.8,1017.6,2.4,116,7.0,2068.,0.0
A301,27/07/2019,19,23.5,24.1,23.5,89,89,81,21.5,21.8,20.6,1015.2,1015.2,1014.7,2.1,120,7.1,304.0,0.6
A301,27/07/2019,18,24.0,26.6,24.0,81,82,76,20.6,22.6,20.5,1014.9,1014.9,1014.6,2.3,91,7.1,745.7,1.0
A301,27/07/2019,11,24.1,24.2,22.3,91,94,91,22.6,22.8,21.1,1017.6,1017.6,1017.0,1.1,210,3.4,918.9,1.0
A301,28/07/2019,01,23.0,23.4,23.0,91,91,90,21.4,21.8,21.4,1016.7,1017.0,1016.6,0.5,205,5.5,-1.45,0.0
A301,28/07/2019,04,22.1,22.2,22.0,93,93,92,20.8,20.9,20.6,1015.5,1015.9,1015.4,1.3,95,3.9,-1.23,12.2
A301,28/07/2019,05,22.2,22.2,22.1,93,93,93,20.9,21.0,20.8,1015.0,1015.5,1014.9,0.7,222,3.9,-0.76,0.8
A301,28/07/2019,12,22.2,22.6,21.9,92,93,92,20.9,21.4,20.6,1017.4,1017.4,1017.0,2.4,136,8.7,577.0,0.2
A301,28/07/2019,06,22.2,22.2,22.1,93,93,93,21.0,21.0,20.9,1014.7,1015.0,1014.7,0.5,328,2.7,-1.31,0.0
A301,28/07/2019,07,21.9,22.2,21.9,93,93,93,20.8,21.0,20.7,1014.9,1014.9,1014.6,0.4,289,1.1,-2.29,0.0
A301,28/07/2019,08,21.8,21.9,21.7,93,93,93,20.6,20.8,20.5,1015.4,1015.4,1014.9,0.6,243,2.9,-2.21,0.4
A301,28/07/2019,13,24.5,24.5,22.1,87,92,86,22.3,22.3,20.7,1017.1,1017.4,1017.1,1.6,91,6.5,1292.,0.0
A301,28/07/2019,09,21.4,21.8,21.3,93,93,93,20.3,20.7,20.1,1015.6,1015.6,1015.3,0.5,267,2.1,21.96,0.0
A301,28/07/2019,10,22.5,22.5,21.4,93,94,93,21.3,21.4,20.3,1016.0,1016.0,1015.5,0.8,248,2.8,330.3,0.0
A301,28/07/2019,11,22.4,22.8,22.1,93,93,93,21.2,21.7,20.9,1017.0,1017.0,1016.0,2.4,159,8.1,250.0,5.2
A301,28/07/2019,14,26.9,27.2,24.5,73,88,72,21.7,23.5,21.2,1016.1,1017.1,1016.1,2.5,135,5.5,2934.,0.0
A301,28/07/2019,15,25.9,28.1,25.7,76,76,69,21.3,22.8,20.8,1015.3,1016.1,1015.3,1.7,116,6.8,2405.,0.2
A301,28/07/2019,16,26.5,27.2,23.9,81,86,73,23.0,23.5,20.0,1014.5,1015.4,1014.5,1.7,147,8.9,1754.,0.2
A301,28/07/2019,17,26.0,27.6,25.9,74,82,70,21.1,23.3,20.7,1014.0,1014.5,1013.9,2.3,166,7.2,1895.,0.0
A301,28/07/2019,18,26.3,26.6,25.7,72,75,71,20.9,21.5,20.5,1013.9,1014.1,1013.8,2.7,138,6.6,1293.,0.0
A301,28/07/2019,19,24.0,26.7,23.6,83,83,72,20.9,21.3,19.6,1014.0,1014.1,1013.8,1.2,155,7.8,829.8,0.4
A301,28/07/2019,20,24.4,24.8,24.0,80,83,80,20.6,21.4,20.6,1014.3,1014.4,1014.0,1.9,143,6.0,224.3,0.0
A301,28/07/2019,21,22.9,24.4,22.9,84,84,80,20.0,20.7,19.9,1014.6,1014.7,1014.3,0.8,172,5.3,6.876,0.0
A301,28/07/2019,22,22.5,23.0,22.1,87,88,84,20.4,20.4,19.7,1015.2,1015.2,1014.6,0.9,173,2.8,-3.53,0.0
A301,28/07/2019,23,21.5,23.0,21.5,89,89,86,19.6,20.6,19.6,1015.6,1015.6,1015.2,0.2,297,4.7,-3.53,0.2
A301,28/07/2019,02,22.3,23.0,22.2,92,92,91,20.9,21.5,20.8,1016.6,1016.8,1016.5,1.0,180,3.1,-1.05,0.4
A301,28/07/2019,00,23.3,23.3,23.0,91,91,91,21.8,21.8,21.5,1016.8,1016.8,1016.7,1.7,115,4.5,-2.48,0.0
A301,28/07/2019,03,22.1,22.3,22.0,92,92,92,20.8,20.8,20.6,1015.9,1016.7,1015.9,1.2,208,4.5,-1.54,2.6
A301,29/07/2019,16,25.9,28.1,25.4,74,74,65,20.9,21.8,19.4,1014.8,1015.4,1014.8,2.7,117,8.8,2351.,0.0
A301,29/07/2019,12,26.8,26.8,24.6,80,90,79,23.0,23.6,22.6,1016.8,1016.8,1016.6,1.5,182,4.4,1907.,0.0
A301,29/07/2019,03,21.3,21.6,21.3,92,92,92,19.9,20.2,19.9,1015.6,1016.1,1015.6,0.5,147,7.3,-2.58,0.0
A301,29/07/2019,17,26.7,27.1,25.8,72,74,70,21.1,21.8,20.6,1013.7,1014.8,1013.7,1.9,111,6.2,1711.,0.0
A301,29/07/2019,15,27.3,28.0,26.2,66,71,63,20.4,21.5,19.5,1015.4,1016.3,1015.4,2.6,126,8.5,2803.,0.0
A301,29/07/2019,10,21.9,22.1,20.7,93,94,93,20.7,21.0,19.6,1015.8,1015.8,1015.1,0.7,192,2.7,328.6,0.2
A301,29/07/2019,19,25.5,27.1,25.5,67,69,65,18.9,20.2,18.9,1013.8,1013.8,1013.5,2.1,144,8.2,887.0,0.0
A301,29/07/2019,04,21.0,21.4,21.0,92,92,92,19.7,20.1,19.7,1015.1,1015.6,1015.1,0.6,248,1.4,-2.65,0.0
A301,29/07/2019,02,21.5,21.5,20.9,92,92,91,20.1,20.1,19.4,1016.1,1016.2,1015.8,1.7,178,7.3,-3.05,0.2
A301,29/07/2019,00,21.3,21.5,21.2,91,91,89,19.7,19.8,19.5,1015.9,1015.9,1015.6,0.5,232,1.2,-3.52,0.0
A301,29/07/2019,09,20.8,20.8,20.5,93,93,93,19.7,19.7,19.3,1015.1,1015.1,1014.8,0.6,215,2.6,11.79,0.2
A301,29/07/2019,05,21.1,21.1,20.8,93,93,92,19.9,19.9,19.6,1014.7,1015.1,1014.6,0.4,195,1.7,-3.31,0.4
A301,29/07/2019,20,24.7,25.9,24.6,72,72,66,19.3,19.4,18.9,1014.2,1014.2,1013.8,1.8,154,6.4,321.0,0.0
A301,29/07/2019,21,22.9,24.7,22.8,83,83,72,19.8,19.8,19.2,1014.7,1014.7,1014.2,0.8,178,4.8,18.44,0.0
A301,29/07/2019,01,20.9,21.3,20.9,91,92,91,19.5,19.8,19.5,1016.0,1016.0,1015.9,0.6,240,1.5,-3.54,0.0
A301,29/07/2019,23,21.1,21.7,21.1,90,90,88,19.3,19.6,19.3,1015.7,1015.8,1015.0,0.2,262,1.4,-3.54,0.0
A301,29/07/2019,11,24.6,24.6,21.8,90,94,89,22.9,22.9,20.5,1016.6,1016.6,1015.8,1.2,162,3.3,1087.,0.0
A301,29/07/2019,07,21.1,21.4,21.1,93,93,93,19.9,20.2,19.9,1014.6,1014.7,1014.4,0.6,231,2.2,-2.80,0.6
A301,29/07/2019,18,26.9,27.2,25.8,66,72,66,20.0,21.3,19.6,1013.5,1013.7,1013.5,2.4,129,6.9,1618.,0.0
A301,29/07/2019,06,21.3,21.4,21.1,93,93,93,20.1,20.1,19.9,1014.5,1014.6,1014.5,0.5,215,2.8,-1.68,0.6
A301,29/07/2019,22,21.7,22.9,21.6,88,88,83,19.5,19.8,19.5,1015.0,1015.0,1014.7,0.4,176,1.9,-3.54,0.0
A301,29/07/2019,13,26.9,27.2,25.8,69,80,67,20.7,22.9,19.9,1016.7,1016.9,1016.7,3.0,137,7.2,2497.,0.0
A301,29/07/2019,14,27.5,27.9,26.7,64,70,64,20.2,21.3,19.7,1016.3,1016.7,1016.3,2.9,139,8.6,2923.,0.0
A301,29/07/2019,08,20.6,21.2,20.6,93,93,93,19.4,20.0,19.4,1014.8,1014.8,1014.6,0.6,229,2.0,-3.54,0.0
A301,30/07/2019,19,24.2,26.4,24.2,83,85,77,21.1,22.6,21.1,1014.1,1014.1,1013.8,2.6,124,8.9,1148.,1.2
A301,30/07/2019,01,20.7,20.8,20.5,92,92,91,19.3,19.3,19.0,1015.8,1016.0,1015.8,0.3,176,1.4,-3.50,0.0
A301,30/07/2019,04,20.5,20.8,20.3,93,93,92,19.3,19.5,19.1,1014.9,1015.5,1014.8,0.2,147,1.1,-3.43,0.0
A301,30/07/2019,02,21.0,21.1,20.7,92,92,91,19.6,19.8,19.2,1015.9,1016.0,1015.8,0.5,147,1.9,-2.87,0.0
A301,30/07/2019,11,24.3,24.5,22.2,90,94,90,22.5,23.1,21.2,1016.2,1016.2,1015.6,1.0,187,2.8,973.5,0.0
A301,30/07/2019,21,23.4,23.8,23.4,90,90,89,21.7,21.9,21.7,1014.7,1014.8,1014.3,0.8,149,6.1,9.872,1.2
A301,30/07/2019,05,20.1,20.6,20.1,93,93,93,19.0,19.3,18.9,1014.5,1014.9,1014.5,0.3,285,1.1,-3.35,0.2
A301,30/07/2019,12,25.7,25.7,24.3,85,90,85,23.0,23.3,22.4,1016.5,1016.6,1016.2,1.4,193,4.2,1468.,0.0
A301,30/07/2019,22,23.7,23.7,23.3,91,91,90,22.1,22.1,21.7,1015.3,1015.3,1014.8,1.7,129,4.9,-2.29,0.0
A301,30/07/2019,20,23.8,24.1,23.5,89,89,83,21.9,22.0,21.1,1014.3,1014.3,1014.1,1.1,116,8.9,225.0,0.6
A301,30/07/2019,06,20.0,20.2,20.0,93,93,93,18.8,19.0,18.8,1014.5,1014.6,1014.4,0.4,284,1.1,-3.54,0.0
A301,30/07/2019,07,19.7,20.1,19.7,93,93,93,18.6,19.0,18.6,1014.5,1014.6,1014.4,0.2,9,0.9,-3.35,0.0
A301,30/07/2019,23,22.9,23.7,22.8,91,91,90,21.4,22.1,21.3,1015.8,1015.8,1015.3,1.4,152,5.1,-2.94,1.0
A301,30/07/2019,08,19.7,19.9,19.6,93,94,93,18.6,18.8,18.5,1014.7,1014.7,1014.5,0.5,327,1.1,-3.54,0.0
A301,30/07/2019,09,19.8,19.8,19.6,94,94,93,18.8,18.8,18.5,1015.1,1015.1,1014.7,0.1,109,0.9,15.00,0.2
A301,30/07/2019,13,25.3,26.3,25.1,82,86,80,21.9,23.6,21.7,1016.5,1016.6,1016.5,1.6,146,5.1,1445.,0.0
A301,30/07/2019,10,22.2,22.2,19.8,94,95,93,21.1,21.1,18.7,1015.6,1015.6,1015.0,0.8,188,2.5,496.2,0.0
A301,30/07/2019,00,20.8,21.1,20.8,91,91,90,19.2,19.4,19.2,1015.9,1016.1,1015.7,0.2,213,1.0,-3.53,0.0
A301,30/07/2019,14,26.8,26.8,24.3,80,85,80,23.0,23.5,21.1,1015.7,1016.6,1015.7,2.0,131,4.8,1194.,0.0
A301,30/07/2019,15,27.0,27.8,26.4,72,80,71,21.5,23.5,21.3,1015.2,1015.7,1015.1,2.4,137,6.7,2295.,0.0
A301,30/07/2019,18,25.3,27.6,24.9,83,83,71,22.2,22.3,20.9,1013.8,1014.0,1013.7,2.5,125,7.6,1628.,0.6
A301,30/07/2019,03,20.7,21.0,20.5,92,92,91,19.4,19.6,19.1,1015.5,1015.9,1015.5,0.5,270,1.3,-3.47,0.2
A301,30/07/2019,16,26.6,28.0,26.5,73,75,69,21.4,22.3,20.7,1014.6,1015.2,1014.5,2.6,139,6.0,2196.,0.0
A301,30/07/2019,17,26.6,27.3,26.1,74,77,72,21.6,22.4,21.1,1014.0,1014.6,1013.9,2.8,131,7.0,2010.,0.0