Estacao,Data,Hora,NumDiasPrecipitacao,PrecipitacaoTotal,TempMaximaMedia,TempCompensadaMedia,TempMinimaMedia,
82900,31/01/2009,0000,7,85.2,31.093548,27.30129,23.045161,
82900,28/02/2009,0000,20,376.1,29.992857,26.532857,23.051852,
82900,31/03/2009,0000,15,142.8,31.16129,27.216129,22.874194,
82900,30/04/2009,0000,19,351.8,30.396667,26.389655,23.096667,
82900,31/05/2009,0000,27,410.1,29.432258,25.809677,23.083871,
82900,30/06/2009,0000,22,333,28.473333,25.046667,22.373333,
82900,31/07/2009,0000,28,386.8,28.27,24.587333,22.013333,
82900,31/08/2009,0000,26,290.2,28.377419,24.623871,21.729032,
82900,30/09/2009,0000,15,83.5,28.99,25.636,22.406667,
82900,31/10/2009,0000,7,16.3,30.393548,26.292258,21.829032,
82900,30/11/2009,0000,10,49.9,30.834483,26.97931,23.223333,
82900,31/12/2009,0000,14,47.8,31.041935,27.372258,23.696774,
82900,31/01/2010,0000,22,193.4,30.112903,26.643226,23.296774,
82900,28/02/2010,0000,14,45.2,31.296429,27.754286,24.346429,
82900,31/03/2010,0000,10,92.7,32.287097,27.906452,23.367742,
82900,30/04/2010,0000,21,273.3,31.016667,27.031333,23.406667,
82900,31/05/2010,0000,17,114.3,30.332258,26.285806,22.716667,
82900,30/06/2010,0000,23,543.9,29.116667,25.344,22.62,
82900,31/07/2010,0000,29,259.4,28.167742,24.452903,21.52,
82900,31/08/2010,0000,23,191.2,27.525806,23.706452,20.573333,
82900,30/09/2010,0000,22,74.3,28.216667,24.976552,21.639286,
82900,31/10/2010,0000,9,37.4,29.974194,26.34,22.764516,
82900,30/11/2010,0000,8,23.5,30.74,27.056,23.033333,
82900,31/12/2010,0000,10,84.8,30.967742,27.114194,22.916129,
82900,31/01/2011,0000,19,139.3,30.409677,26.7,22.970968,
82900,28/02/2011,0000,18,336.6,30.557143,26.917143,22.935714,
82900,31/03/2011,0000,16,129.5,31.529032,27.25871,22.709677,
82900,30/04/2011,0000,24,647.4,29.686667,26.01,22.4,
82900,31/05/2011,0000,25,755.7,28.93871,25.483226,22.258065,
82900,30/06/2011,0000,21,303.9,28.4,24.822667,21.443333,
82900,31/07/2011,0000,29,544.4,27.43871,23.971613,20.919355,
82900,31/08/2011,0000,23,201.8,28.051613,24.170323,20.196774,
82900,30/09/2011,0000,19,35.7,28.436667,24.931333,20.93,
82900,31/10/2011,0000,16,34.6,29.709677,26.062581,22.029032,
82900,30/11/2011,0000,17,75,30.13,26.512,22.333333,
82900,31/12/2011,0000,11,41.8,30.93871,27.016774,22.758065,
82900,31/01/2012,0000,20,198.6,30.233333,26.409286,22.280645,
82900,29/02/2012,0000,13,189.8,29.906897,26.566897,22.613793,
82900,31/03/2012,0000,15,138.8,30.648387,26.744516,22.422581,
82900,30/04/2012,0000,13,55.8,30.473333,26.36069,21.653333,
82900,31/05/2012,0000,20,190.2,29.822581,25.668276,21.019355,
82900,30/06/2012,0000,23,296.5,28.7,24.627143,20.748276,
82900,31/07/2012,0000,24,261.7,27.990323,24.361935,20.687097,
82900,31/08/2012,0000,24,163.5,27.467742,23.808,20.332258,
82900,30/09/2012,0000,8,19.7,28.583333,25.086207,21.106667,
82900,31/10/2012,0000,13,54.4,29.206452,25.790323,22.096774,
82900,30/11/2012,0000,5,9.9,31.043333,26.975333,22.716667,
82900,31/12/2012,0000,11,25.1,31.145161,27.348667,23.696552,
82900,31/01/2013,0000,13,95.7,31.241935,27.229677,22.86129,
82900,28/02/2013,0000,13,47.7,31.717857,27.785,23.45,
82900,31/03/2013,0000,3,98.8,31.632258,27.709032,23.806452,
82900,30/04/2013,0000,,229,31.613333,27.209333,22.733333,
82900,31/05/2013,0000,,316.9,29.843333,25.818667,22.274194,
82900,30/06/2013,0000,,491.4,28.82,24.946,21.71,
82900,31/07/2013,0000,,416.4,27.970968,24.276774,21.254839,
82900,31/08/2013,0000,,225.3,28.077419,24.64129,21.593548,
82900,30/09/2013,0000,,146,28.476667,25.104667,22.016667,
82900,31/10/2013,0000,,129.2,29.5,26.037419,22.793548,
82900,30/11/2013,0000,,76.5,29.963333,26.509333,23.173333,
82900,31/12/2013,0000,,177.3,30.73871,27.004516,23.193333,
82900,31/01/2014,0000,,108.9,30.432258,26.5,22.63,
82900,28/02/2014,0000,,148.2,30.546429,26.543571,22.560714,
82900,31/03/2014,0000,,252.4,30.93871,26.857419,23.241935,
82900,30/04/2014,0000,,268.5,31.27,27.042,23.17,
82900,31/05/2014,0000,,315.1,29.580645,25.512258,22.345161,
82900,30/06/2014,0000,,322.8,28.566667,24.876667,21.633333,
82900,31/07/2014,0000,,278.9,28.206452,24.394194,21.216129,
82900,31/08/2014,0000,,162.2,28,23.985161,20.709677,
82900,30/09/2014,0000,,248.9,28.473333,24.82069,21.443333,
82900,31/10/2014,0000,,146.5,29.132258,25.673333,22.570968,
82900,30/11/2014,0000,,56,30.506667,26.300667,22.49,
82900,31/12/2014,0000,,71.3,30.754839,26.683226,22.83871,
82900,31/01/2015,0000,,65.4,30.873333,26.931034,22.726667,
82900,28/02/2015,0000,,56.2,31.646429,27.445714,23.307143,
82900,31/03/2015,0000,,341.2,30.574194,26.767742,22.812903,
82900,30/04/2015,0000,,74.6,31.63,27.179333,22.41,
82900,31/05/2015,0000,,178.9,30.764516,26.44,22.203226,
82900,30/06/2015,0000,,460.5,29.02,25.038667,21.616667,
82900,31/07/2015,0000,,446.3,28.067742,24.314667,21.336667,
82900,31/08/2015,0000,,116,28.531034,24.575172,20.912903,
82900,30/09/2015,0000,,35.1,29.816667,25.680667,21.596667,
82900,31/10/2015,0000,,16.6,30.135484,26.394,22.583871,
82900,30/11/2015,0000,,30.6,31.413333,26.995714,22.796667,
82900,31/12/2015,0000,,91.8,31.333333,27.162759,23.523333,
82900,31/01/2016,0000,,124,31.316129,27.486429,23.687097,
82900,29/02/2016,0000,,70,31.4,27.45,23.882143,
82900,31/03/2016,0000,,268.7,31.412903,27.517037,24.029032,
82900,30/04/2016,0000,,292.4,30.63,26.862759,23.756667,
82900,31/05/2016,0000,,478.9,29.629032,25.734483,22.493548,
82900,30/06/2016,0000,,148.5,28.916667,24.986429,21.3,
82900,31/07/2016,0000,,110.3,28.383871,24.424,20.893548,
82900,31/08/2016,0000,,57.5,28.922581,24.689677,20.609677,
82900,30/09/2016,0000,,57.4,29.773333,25.696,21.726667,
82900,31/10/2016,0000,,14.1,31.16129,26.77871,22.525806,
82900,30/11/2016,0000,,17.8,31.973333,27.381481,23.133333,
82900,31/12/2016,0000,,68,31.903226,27.432,22.76129,
82900,31/01/2017,0000,,28.7,31.864516,27.512,23.393548,
82900,28/02/2017,0000,,21.1,32.582143,28.035,23.614286,
82900,31/03/2017,0000,,156.2,31.5,27.516774,23.419355,
82900,30/04/2017,0000,,289.9,30.846667,26.669333,22.79,
82900,31/05/2017,0000,,399.4,29.877419,25.791613,22.093548,
82900,30/06/2017,0000,,489.8,28.98,25.034,21.896667,
82900,31/07/2017,0000,,490.5,27.680645,23.790323,20.929032,
82900,31/08/2017,0000,,112.1,28.377419,24.083333,20.2,
82900,30/09/2017,0000,,84.1,28.67,24.908,21.263333,
82900,31/10/2017,0000,,63.1,29.86129,25.793333,22.154839,
82900,30/11/2017,0000,,14.8,31.676667,26.970667,22.273333,
82900,31/12/2017,0000,,30.3,32.154839,27.468387,22.912903,
82900,31/01/2018,0000,,153.6,31.358065,27.271613,22.809677,
82900,28/02/2018,0000,,146.2,31.35,27.070714,23.025,
82900,31/03/2018,0000,,120.6,31.606452,26.993333,22.683333,
82900,30/04/2018,0000,,484,29.68,25.830667,22.57,
82900,31/05/2018,0000,,231.6,29.929032,25.664667,21.845161,
82900,30/06/2018,0000,,143,29.046667,24.506,20.583333,
82900,31/07/2018,0000,,135.3,28.080645,23.990323,20.183871,
82900,31/08/2018,0000,,98.4,28.548387,24.381935,20.277419,
82900,30/09/2018,0000,,58.5,28.9,25.177241,21.113333,
82900,31/10/2018,0000,,23.8,30.577419,26.630968,22.296774,
82900,30/11/2018,0000,,37.8,31.36,27.273333,23.113333,
82900,31/12/2018,0000,,74.5,31.667742,27.357419,22.687097,
82900,31/01/2019,0000,,141.3,30.974194,27.01,22.732258,
82900,28/02/2019,0000,,116.1,31.110714,27.301429,23.164286,
82900,31/03/2019,0000,,159.9,31.883871,27.406452,22.822581,
82900,30/04/2019,0000,,290.4,31.046667,26.651333,22.056667,
82900,31/05/2019,0000,,216.6,30.483871,26.156129,21.658065,
82900,30/06/2019,0000,,463.4,29.241379,25.028571,20.341379,
82900,31/07/2019,0000,,432,28.389286,24.074815,19.644828,